1
5
74
1
21
15
1
52
11
11
57
1
2
38
4
26
198
5
2
4
2
2
5
2
2
11
5
98
15
2
11
5
1
2
2
15
1
1
5
4
4
2
1
195
38
2
2
2
21
98
52
11
4
36
4
4
4
2
36
1
21
2
1
5
426
11
38
1
5
2
2
4
1
2
36
21
1
5
5
2
36
4
11
2
11
2
26
2
5
2
5
5
5
5
21
2
36
5
64
11
5
1
2
11
92
2
135
2
2
5
64
21
4
1
2
11
606
4
21
2
2
2
11
2
1
38
5
2
5
9
5
5
4
11
2
2
4
97
5
5
36
21
11
4
1
5
5
4
1
5
1
5
2
11
2
5
92
5
2
4
15
2
2
2
2
1
2
300
2
36
2
11
38
2
15
52
1
92
4
15
4
2
11
7
2
2
2
1
2
5
5
74
11
1
21
36
2
36
4
11
5
2
26
36
5
2
15
21
2
36
21
2
52
5
21
52
92
1
2
2
4
4
5
2
21
5
4
12
2
7
36
15
15
2
21
36
5
2
5
15
1
4
5
36
5
5
5
2
11
4
15
7
7
11
5
21
5
36
36
141
2
11
12
2
1
5
98
5
2
2
5
21
2
381
1
2
2
15
11
1
74
2
11
2
2
5
11
92
2
52
15
198
2
11
2
1
11
19
11
4
19
5
5
15
1
15
2
52
52
2
7
36
36
5
26
5
4
2
11
5
21
12
2
2
5
21
11
11
2
5
2
52
5
1
30
5
5
5
4
5
2
5
11
4
1
15
135
2
5
1
11
52
11
5
5
5
11
38
15
2
2
64
2
5
2
38
38
5
2
4
4
15
26
15
5
5
2
1
2
1
11
2
2
5
2
15
11
2
38
5
5
1
4
4
1
11
7
38
15
2
4
2
2
5
5
15
212
2
38
1
2
38
2
5
5
2
5
11
21
5
30
4
4
11
105
5
11
2
2
5
5
11
36
11
5
2
5
2
392
5
15
1
4
2
11
36
2
11
5
36
1
5
5
2
2
5
2
2
2
2
2
15
1
2
2
1
5
36
2
4
5
21
11
12
5
7
2
11
5
2
15
4
11
2
11
4
1
15
11
11
1
15
1
11
2
198
12
392
1
2
2
7
1
5
2
5
7
5
5
1
21
15
4
5
2
4
2
5
5
4
38
1
7
15
21
45
11
2
15
2
5
2
11
7
1
11
7
5
5
21
36
5
1
5
1
2
2
5
5
11
5
2
2
1
15
11
11
2
2
1
1
2
2
5
21
5
38
5
5
4
2
36
92
5
2
5
198
2
36
15
15
5
15
2
5
2
1
1
4
9
21
26
2
15
1
1
5
5
2
1
5
198
4
11
5
2
141
5
5
5
74
36
198
36
2
15
11
21
5
11
11
15
4
1
5
2
2
11
2
2
15
36
38
2
4
105
11
2
7
2
2
36
15
7
2
2
15
2
2
7
2
74
2
4
1
11
1
7
5
2
36
5
38
4
4
2
1
21
11
2
36
21
21
92
2
4
2
141
2
11
11
11
11
11
21
2
7
2
74
289
4
98
5
1
21
15
4
38
2
11
2
2
141
5
1
26
2
141
5
4
2
3
1
5
2
1
1
2
5
5
1
5
1
4
2
11
1
21
19
5
11
5
2
2
38
5
12
5
1
5
26
2
4
5
15
11
5
36
254
36
5
5
2
2
1
5
7
1
11
11
5
1
2
5
1
4
5
74
1
11
12
5
2
1
2
2
5
98
4
11
5
5
11
7
5
5
5
5
92
1
5
5
5
11
11
11
2
11
5
4
67
2
11
74
5
5
5
426
1
2
5
38
4
36
11
52
2
2
2
7
11
38
11
2
2
7
2
2
7
4
1
2
11
2
2
5
11
426
5
15
2
2
26
1
11
1
7
5
1
5
5
30
2
5
2
2
11
5
11
11
11
1
2
2
1
2
5
4
2
2
38
4
2
15
15
7
2
1
11
5
1
5
30
1
4
11
2
5
2
1
2
4
4
5
2
1
21
11
2
2
2
2
21
2
5
2
2
198
5
36
2
2
15
2
5
11
11
4
392
2
2
11
11
2
5
105
7
135
5
26
5
12
2
2
1
171
1
5
5
36
5
2
2
4
5
1
198
4
5
15
212
7
1
1
5
2
11
92
5
4
2
36
52
2
5
2
36
4
1
15
2
5
21
4
11
5
2
1
21
52
5
11
36
4
21
2
21
11
4
5
11
36
21
11
36
1
2
15
4
5
