33
23
4346 2856 1272 8061 1443 6239 8053 1780 1860 4699 5053 5409 2197 3850 2652 1477 8747 5916 5549 5819 1644 5005 7840 
33
6598 2212 7772 188 1424 2843 7414 6690 7233 3152 6083 9931 2736 843 2314 827 459 3521 5373 1729 6988 9960 1081 36 5305 4988 6348 3389 6539 6690 8264 1798 433 
10
437 177 5238 3932 299 6476 1872 1628 7727 8867 
33
1708 3806 6294 1621 7485 5608 8877 3099 8991 5199 5418 2500 8838 3825 6206 6012 2610 8865 7118 3252 8238 6845 1687 4088 4505 3276 7584 8817 3124 7110 5887 5532 3292 
2
5742 3626 
44
2823 3855 2186 3541 933 798 4532 288 2163 982 8119 6163 406 4711 598 3204 957 6567 7853 6954 7361 7926 3147 3986 3389 6166 9307 705 4113 4506 2051 1290 2338 6126 1280 5795 8852 7129 8433 3667 8266 6894 9060 3102 
49
9337 3614 9781 4988 1896 4559 1559 2675 1495 3845 2060 9519 7344 6720 3108 960 6771 3606 5115 3264 2083 7703 8592 4163 8673 4067 343 5600 1741 7019 9835 1471 9066 9046 1464 2179 610 2517 8184 5049 1130 4425 1163 3938 8454 7795 5853 1102 7264 
36
9283 2969 9509 9686 4358 2251 8544 6899 9347 5882 8556 2165 9586 8483 2516 6469 7718 1257 877 5415 1812 3885 9143 9534 6615 1646 8223 4540 1108 690 8489 8813 393 2614 8652 7445 
21
3139 2094 2455 9521 1858 4530 5576 6235 5874 4382 5523 2279 5815 7794 7229 852 7060 2230 1116 2472 5900 
26
5412 6160 518 1798 7282 3783 8847 9456 412 3928 1492 753 4633 2903 7296 3783 3085 3245 371 4369 4216 4850 3860 7848 80 4993 
10
6560 3947 1526 3748 8827 8081 6186 6015 3552 5745 
23
4875 3258 4468 949 6614 2035 7391 3038 6988 131 6973 7505 1647 1028 620 3873 5497 9992 3606 112 9009 5452 6707 
40
7725 4526 9437 1482 23 8958 5076 7958 2163 3857 1939 7370 7984 3996 7523 4974 2285 1551 5966 9951 2941 687 8407 9290 9086 7336 1128 1676 1207 1699 7068 680 4160 5845 5582 1928 4486 1000 4513 8631 
17
3678 7138 1215 6954 9698 4651 2495 1723 2946 778 4943 3206 5754 1313 2550 1242 5458 
14
4732 1824 4172 6606 8348 3172 8918 9070 828 9827 5975 5058 1360 9797 
43
825 5627 2286 3823 6769 888 1471 8916 1335 3657 3266 9182 1442 3837 5142 8558 9217 519 7479 7823 6961 1581 3138 4043 8899 5534 2807 3489 4382 695 5424 4070 5745 1640 7377 1595 1932 5874 7649 8221 5711 692 1352 
16
962 9303 6681 6066 2503 9862 1122 8148 9837 7922 689 3980 8823 6821 362 3697 
17
7157 3942 5203 8320 7100 5806 476 8259 8517 7400 2086 5033 4697 337 1182 2106 9372 
16
8808 6922 401 8650 5652 8075 8117 9018 111 3505 2282 1299 2828 8230 1074 6400 
12
6960 512 3019 7852 5008 4777 4429 359 1341 512 7732 3915 
8
3203 3526 72 9104 8736 598 5222 1809 
44
9573 1822 2361 5701 1834 2124 1187 7670 5941 467 3752 5499 1872 5042 8730 7654 695 886 3122 2561 1226 8864 5565 5925 6816 4536 7667 2747 9374 3986 4009 5024 2057 7120 1255 2142 1128 1672 2555 7513 8430 2264 2767 5271 
30
7751 1577 1652 6415 141 850 4852 3146 7238 4810 6938 8178 9346 9370 6505 332 5153 6009 5209 2734 942 5267 93 4677 9337 3094 6066 3522 1289 63 
22
4661 2226 8533 7242 8364 1523 1444 4817 7693 6323 7837 4378 6931 3038 1260 8131 7926 5242 9211 6191 3358 3455 
39
393 8152 6294 236 1370 1898 2000 2607 1437 3044 9723 7414 865 1575 6433 6576 6703 9243 1185 9344 5116 7883 2146 8531 1937 6788 1317 7845 7930 9471 3451 5669 9003 1866 2567 5942 1897 8029 9172 
19
2616 1963 346 4405 1537 6568 9357 3294 8183 9579 5735 4090 7530 9636 3528 3894 3515 6191 987 
45
1889 7641 2186 2763 4235 3538 7652 538 3159 1876 5582 3998 3683 5780 4744 2984 402 3190 18 1703 3745 9589 1662 5203 3194 6275 343 973 4649 46 707 6342 5501 5461 2309 3615 2289 8297 2662 4417 1100 4423 8165 5630 3445 
24
9644 2232 3947 2314 2293 49 5765 339 1197 5874 3493 8451 6072 2608 9474 2443 6405 4364 470 8778 4467 3849 1717 375 
2
6339 1471 
13
785 8079 5832 3206 4014 1293 9094 4763 2528 1333 1738 3066 2652 
29
243 7834 2193 9159 8943 9339 1161 4139 7236 7233 5164 5538 8958 9715 6854 9593 458 4046 9770 9927 7122 1504 8439 3216 7033 6226 5690 9468 1514 
49
2116 2823 2300 1584 1581 6362 7433 4104 296 2362 2207 1490 3369 2736 38 5365 6517 1369 4051 3748 7305 5135 7020 1306 1278 2807 4925 2342 1979 5884 2827 474 7291 7948 4487 6190 9569 241 1669 1978 5209 259 8830 3236 4977 8717 1635 1015 8760 
7
8675 4629 805 719 9278 5709 1435 
