40
22
2194 6616 3520 747 8434 2404 3148 5786 3921 866 1536 5367 8908 6350 8852 2336 2904 9802 8088 462 6568 4008 
40
2667 7907 5047 7763 513 8340 2867 4447 2885 9076 1574 8975 1988 8438 6675 4512 2108 8449 9381 9376 1134 1140 755 1911 4115 724 742 9195 1629 7225 2254 5039 543 1962 6242 2075 6095 7270 9191 1234 
7
3014 5124 447 6410 7343 9971 2690 
17
1947 137 7946 6181 1562 6778 3059 655 5669 3319 7442 9245 3844 8825 8606 5086 2240 
13
9330 9266 2491 6707 9792 8126 4527 8361 72 4727 2901 7227 6153 
13
5799 7800 1447 5029 968 2555 4382 6028 3714 3955 5590 4296 7823 
13
7559 929 5804 8081 2431 1201 8668 5149 8034 5863 3353 4734 161 
30
5696 420 2702 60 4445 9384 1487 5509 9588 2192 7921 1234 5587 8659 2734 6614 3396 6110 2978 9631 631 5526 4459 6388 7759 8526 7663 6398 3979 5579 
49
3524 3608 3030 8393 283 7701 7026 2617 5997 2184 4063 2275 8666 3999 4095 915 3805 3162 8247 8663 9681 3911 2440 3133 2627 7325 9582 8640 6969 9037 7352 8645 4755 2885 4505 7537 1 136 7982 8493 950 6347 8050 1533 5947 9808 3743 6813 9559 
16
1557 2205 2030 4821 7791 8046 5495 526 7028 253 7282 3143 8860 7632 8617 8144 
29
1007 327 2764 4628 7413 5367 805 7231 9110 2094 1389 1738 6211 8107 456 4976 9452 6254 1753 133 1734 9415 6123 3850 1741 1200 5665 4033 8267 
14
5759 8289 2394 7603 5818 4460 7846 4792 8813 6191 3911 3050 3566 1801 
6
4226 4577 1712 45 4393 4012 
19
5836 3819 170 8998 8905 9516 6883 4685 8831 8328 3243 1478 4619 9567 1514 7325 2907 8082 1997 
35
5863 7223 4844 1076 597 6003 539 8173 4648 8184 8420 2826 2168 6988 1556 2929 1336 2716 9061 9449 7780 353 941 2524 8857 883 2981 3728 346 7403 4812 2071 5919 7181 8477 
5
6961 2070 5102 5038 4948 
36
5482 5881 9956 4977 3074 371 1347 2682 911 381 5441 7361 4796 7323 1773 1446 5329 989 5323 5470 4546 143 8823 9653 1402 2686 5113 9907 626 8956 890 6623 4919 1334 293 7154 
25
3716 577 6526 7594 1888 9550 4334 5279 6043 2126 9775 5656 4316 407 8304 4088 7530 7574 3830 2539 3837 5110 2003 3999 847 
41
9384 5666 3337 8918 3432 5846 7931 8923 5519 1788 732 2485 9570 6768 7587 5862 1321 4737 4037 7270 2475 6388 800 6197 3064 7257 3527 1647 4157 6014 4831 130 7412 3106 5625 4508 9802 5773 1186 4537 2325 
18
6023 6795 6373 8166 6829 1018 3993 5331 8367 3295 630 7231 8025 9739 7636 138 6197 2365 
32
7525 2068 1204 7083 1841 2592 7618 32 407 383 9362 4840 7993 298 9675 9661 2280 5679 1124 2633 1112 5107 7739 425 769 4940 4273 4753 2216 1407 1240 8400 
3
9685 6240 8934 
36
8212 670 3971 1164 3931 830 5121 7603 141 7419 9364 912 6482 732 705 6039 7178 8961 1133 1219 2627 6894 1319 3737 6605 2423 8649 8319 3548 302 3195 7672 9886 1800 2009 5059 
42
8470 2151 1622 8328 2035 8721 5301 8621 953 2439 4984 5385 3802 4265 2859 9828 8491 1167 9703 6054 3011 6973 6241 1023 9477 4261 7281 9062 2713 7853 4710 2463 1762 1842 505 1682 4636 7053 1215 218 5620 693 
17
2891 2669 181 3875 9560 8208 5056 489 7444 3667 5730 8173 8215 877 3449 3208 611 
43
2980 28 3480 9513 7034 1155 4916 6510 1455 4486 5359 5125 2482 4960 743 4451 2554 4209 3575 676 5138 9526 5277 8000 2290 6361 9964 5408 4545 3365 6223 959 4952 9294 911 484 7496 4158 3399 816 7871 2082 9637 
15
2823 1815 6804 1603 63 4943 7896 5392 8798 5624 7482 4257 101 4191 2613 
27
2724 2112 1008 1508 7408 3618 2381 8299 2692 385 2080 3658 1717 1035 148 7030 2586 1568 2363 9527 236 7219 8981 6267 7579 5110 6035 
13
3153 7877 4012 4289 2859 5794 6895 9344 6228 4177 1482 3765 9012 
2
8266 7478 
12
1210 2724 2567 5109 9635 8292 1028 1146 7783 3092 2078 9953 
10
6336 2578 8752 933 7975 2800 6748 7201 3700 441 
41
7747 8845 2554 4242 559 7148 4889 4213 8069 9165 3678 3424 6184 583 8020 1408 674 9694 4320 1320 1798 6136 7105 7513 8006 9823 9992 3121 2806 6358 954 5186 9473 1072 7523 1397 8490 9037 1454 8558 9909 
10
8642 4722 2296 5883 5359 2950 3836 9755 8282 4009 
46
8308 6789 5061 8272 844 9122 7634 6601 4927 6137 9180 6257 7961 3624 7654 3773 6598 3531 30 5091 2200 8460 355 6569 7658 2540 1012 9741 211 275 43 246 5308 1381 1403 4811 2133 4470 2869 3491 1813 6959 7249 1676 1889 1296 
29
7824 383 1496 3372 341 4379 692 6907 8516 7258 8164 8611 6461 7805 4868 5607 9416 248 2506 6019 5231 9684 4107 1108 3130 81 723 4603 3835 
46
9236 2510 2972 3296 3758 3872 2453 9895 1153 9587 9634 1156 3775 4842 436 9715 421 3811 263 8592 1963 5 8276 2063 4362 8791 8856 6843 445 1458 6437 8062 2700 103 3527 6129 9973 2899 1049 2532 3915 6066 7865 944 8324 2114 
34
4619 9085 234 2553 3692 6193 5002 7218 1039 2586 9284 451 2635 2711 9644 8785 3202 7966 4781 250 6489 3364 9596 6891 4809 2379 8176 371 7797 9867 3378 7927 2702 5733 
23
5271 5715 3507 7657 3697 9884 4388 5653 5221 344 5351 6003 249 102 9573 5592 3118 5409 2868 6419 2498 7984 9897 
46
759 6317 6638 2130 2947 115 1796 9762 2154 1022 5162 6235 7722 606 1935 658 8613 7980 6997 7918 8564 2048 311 6816 1321 3506 9292 9137 8758 7583 1916 2331 156 7918 1506 5178 999 52 2499 5892 616 7253 4286 4006 3827 6716 
