164
18184
8890
3761
31509
23738
23623
25950
4945
19586
15301
12710
2167
4190
29318
16803
2562
3182
15487
26755
18751
27744
6128
26519
3594
29995
8264
28071
2265
7936
4163
8329
1533
2941
12117
25841
26148
11301
11851
22667
33
11533
14128
12871
20464
30679
13421
31989
5876
25316
4917
24593
20868
24774
1312
27360
9638
17396
1302
5564
12058
27330
9071
28075
19611
26512
23896
7735
21089
31041
889
19834
17898
26607
29653
32377
1786
6620
10993
28083
2529
29868
28728
7161
1788
24274
8606
31615
17278
30025
25220
29492
22384
18820
12763
11343
5367
15271
11149
24106
29910
17655
31000
3156
11315
18063
13692
27362
20382
12374
18520
23813
10063
5165
31824
16866
6319
31085
21681
925
18715
1168
26200
7351
24036
18222
14288
1947
32154
19500
27834
19571
30346
13360
16498
8512
11909
30295
5103
20522
16355
6443
4843
22548
26568
30671
13380
31604
10662
26493
6563
12642
19459
20787
4699
11503
4733
5032
17812
28343
22795
16773
18344
5306
29829
