1000
22279
1162
11544
26777
32072
30102
1487
21800
25794
1012
10125
14251
23363
26256
19611
1044
23688
25473
14026
30919
25078
12521
7359
9886
23179
23836
399
14896
24339
517
10892
27219
30367
18374
10078
12255
32563
31391
8277
10933
3775
14353
24317
22528
24656
30531
17651
32187
8584
28836
9464
28532
13388
10450
12868
4175
14524
8891
31260
13901
29544
32002
7079
21198
25536
32420
12798
1109
7885
22235
9346
30092
16927
5186
20850
11656
4871
5946
18109
13645
7686
909
32020
13973
27268
30034
18756
30669
5829
32017
30659
22881
28698
10023
18056
14393
23380
4715
12576
22916
8574
23057
17151
17332
29900
22223
25620
10441
16846
31551
21408
17875
8425
20357
17735
23474
31752
20529
21608
9505
15503
13415
16810
28147
5521
24381
11991
12187
15938
100
19694
22258
12463
10251
12403
5941
16556
20992
16394
28237
7950
11288
28996
15956
7451
7122
18361
8276
17471
18231
19031
21586
5633
9476
25337
29323
2100
22539
23611
16893
4466
22999
29069
22569
22982
14479
9607
26136
25513
27676
21117
22172
16688
1678
10578
8664
10627
17340
4753
31234
657
15403
9657
13672
13058
16178
10969
6577
20589
6235
23133
27750
32204
17419
20264
27825
3629
22374
24291
6756
16298
8045
19604
28220
8858
15209
2418
26472
265
13965
30712
4677
23142
25815
25912
27756
18300
1847
11378
18926
23204
31475
14565
8158
20536
30794
23013
22544
9034
9304
7470
4641
23190
31289
9080
30135
8630
20337
9035
31242
661
30603
3605
18084
21286
19201
2938
4453
11094
5468
16107
7625
30527
11932
2938
16750
31134
17370
18924
4560
21127
4908
9488
8023
24151
7881
4176
24981
235
7022
3206
14536
12559
7680
12049
10407
22585
19570
7975
12379
23160
5609
32108
25547
23207
13854
27076
10780
3814
2052
7014
17784
14667
27564
16179
2063
6356
17253
4165
23132
26272
19495
24266
30378
13151
21810
30995
32214
14600
6898
10984
18774
29898
18726
18207
7802
7492
26689
28525
9970
18680
14864
3707
21137
22781
18846
14396
1617
31733
12885
25727
15510
23871
25189
14272
31415
21614
23658
20036
16314
10489
15433
15717
20575
15923
858
16170
1121
15230
28621
15386
30968
1212
25414
10066
19618
5895
7371
24790
18467
7586
18912
4645
6346
21295
13040
14608
32759
802
1775
21707
7130
16245
2622
26949
11645
7838
11471
19637
5
5566
19337
29557
21813
17179
8430
11796
31539
15568
10491
3495
28559
14275
31823
25183
13185
6872
26256
2145
13682
21092
15371
30417
29630
30693
12954
17712
15545
8688
16843
6889
12272
28778
20030
15654
25777
10491
9295
12008
22989
30656
1525
5975
4764
10304
20458
25175
1346
27298
31245
20315
15921
31005
30468
25214
23791
12719
14117
27600
19994
30738
21143
6381
26281
29676
7860
17621
17524
32582
12978
31223
6135
22847
8067
23183
15186
28929
24313
25394
14997
23797
15918
15271
12603
21043
18211
2553
8436
12349
28071
31690
9640
29932
891
31210
10936
11434
14259
14889
1415
13026
9567
9065
6457
22197
13675
14327
26554
14319
22468
31259
13314
28729
22460
32493
6552
23696
20400
9067
15701
6901
32744
6089
31595
4198
3262
13576
13990
2830
26627
20682
11505
21689
27038
869
29979
18826
23414
5174
2523
18160
31891
56
1554
1750
16256
20180
30289
15130
18419
10491
25499
32065
27567
26227
31596
26217
15018
1390
30969
25470
21099
16481
13242
6577
183
13843
30502
28454
31084
22517
1982
3053
9133
4785
31052
26420
16959
25861
14957
13499
31539
22738
31053
18056
710
4720
17842
14043
28037
27205
5180
28260
28085
17558
1771
23220
32753
7068
7905
26866
19221
28635
15209
6351
14171
4783
2617
15291
196
32552
19700
13402
18618
13591
6131
18993
27379
19049
28229
26022
6552
9908
24308
18471
1191
7440
1930
5289
4246
22568
8148
15444
24633
19601
29414
9084
13797
9562
26975
4820
28630
24292
2287
18654
9166
1011
3350
16294
7679
16646
32046
31408
18219
16868
25515
28975
13834
3448
2722
26743
28652
21470
24968
21173
7327
25278
28733
1502
12691
13273
31560
24293
22588
18913
15717
9521
5048
20366
23101
16974
27058
11502
28276
8675
4742
1789
24808
19940
29861
23925
22840
6920
28476
15079
32644
31102
14352
11019
26996
15836
20652
27477
22652
30296
22207
2504
11614
8250
13248
26127
13552
20881
28627
18634
12831
11045
11248
1318
18740
9902
1858
22704
12374
5443
29645
32107
18768
25109
15956
8735
2197
27997
19834
15605
19841
5011
23591
27713
4066
13537
13101
22943
1719
20695
9772
21313
11320
2656
22451
3975
17174
10229
2215
20176
16643
25616
30441
20369
17013
8676
3891
18596
27559
23115
30275
24034
23265
21760
11580
17139
4090
526
21833
101
27931
1928
22147
3836
13509
22395
28181
15689
10518
25121
26525
4990
12360
14423
1494
10625
8826
12881
24181
9023
9395
28301
11600
18243
13604
15621
25285
25479
19629
19113
29018
29834
14755
8460
7841
17058
6097
20062
23391
27028
2492
18842
26348
32354
5932
26368
16861
18276
21735
28870
13281
15002
14784
14347
26857
13889
17616
12812
27020
10148
22788
30106
29353
5173
29144
11468
28750
14556
5473
20209
8152
13199
10129
14024
7516
27427
695
26868
24646
10594
31045
7850
27456
7005
9430
26797
13142
11268
9839
32380
599
27891
15365
3529
22654
399
20288
7726
4433
16466
24959
23836
20426
32355
31004
26132
30133
14698
29681
23321
10841
5026
25371
24933
13402
22064
21501
22107
10974
28083
10888
20669
16879
5404
28858
16927
13857
8896
16229
19611
7028
11179
9266
8391
4987
28983
10469
30692
11966
19678
24547
32344
32094
3661
6641
16991
4855
32697
10558
31485
458
1142
21924
15159
4380
1478
26155
25986
13017
8687
25551
29564
31869
20880
31107
26074
10036
30516
5493
28833
23360
3368
12180
14234
19100
25994
22864
12031
24287
12451
31392
29819
32354
15735
24650
13394
11429
10393
32607
28379
2543
27972
4612
12855
30261
3240
29048
7229
23357
16258
20819
14516
25092
26095
16396
4037
5980
10626
4286
30895
17369
1428
4652
1213
31470
10715
14082
5750
9556
27455
4958
30995
2731
14056
21390
3126
7780
15260
4124
22488
5086
15688
8967
7299
32207
18140
25172
13250
31974
11868
25541
21719
16815
7988
11753
