2
1
2
2
11
2
11
5
2
2
5
2
5
21
2
11
1
1
1
2
74
92
2
1
11
1
5
2
11
2
5
7
5
21
2
2
5
5
2
2
4
21
36
2
2
2
36
2
1
5
2
52
5
198
36
36
15
5
19
7
98
11
1
74
2
5
1
15
26
4
4
4
2
21
7
4
1
5
4
5
2
2
36
21
1
560
4
26
36
2
1
5
5
1
21
2
11
5
7
1
4
2
2
2
15
5
2
2
36
5
1
5
15
74
2
38
36
2
2
2
2
45
5
5
15
2
2
4
7
5
7
5
26
5
4
11
2
1
1
2
11
15
2
26
1
5
7
5
2
2
5
1
2
11
52
4
5
2
1
2
52
15
38
2
5
2
5
5
4
1
1
1
1
5
5
5
2
5
1
11
1
141
4
2
2
5
2
5
5
1
5
2
5
2
21
5
11
907
15
1
1
11
36
2
5
1
2
29
2
36
15
5
9
2
2
1
2
2
12
