4972350
4808384
4717397
4863932
4652179
4460002
5382728
4942065
4124834
4158030
5498856
5157900
5311376
4862274
5717232
4604140
5431998
4625782
5237296
4835108
5464825
5627912
4698865
4863498
4752373
5765330
7642891
5607048
5684175
4821122
5706677
4669911
4346565
4603846
4948948
4750470
4660173
5086897
4734476
5076645
4301855
4818969
4070713
5041457
3526175
4826625
5201440
5012375
3919834
4883214
4689224
4631640
4508089
4927918
4886092
5098833
4434363
4622467
5418938
7066630
4940271
4646980
4762418
5181278
4177478
4836200
5774386
4775174
4772278
5237446
4975325
4035192
4822571
5243725
5074033
4804313
4947622
5122921
4846633
4252612
5125905
5105370
4999541
7054275
4885233
4518337
3344732
4505549
4850994
4854850
4700052
3586533
8396037
4670776
4849883
4873240
4755183
5146928
4891380
4916962
