100
81
426415524213526625252135161553215454522343661355225613564522163546153246235251211
415132313326516133131551644354125116531353243352516322215123524212521124342461314
65
21151651631556123134115524244141522316313565455211522354513632236
22333356514135656635416145412514361354461545233331663255213434613
4
3566
3342
184
4335125443552551631551635656333263545153423535556464326355654356111441464456446133222446232563664556351623114246155133221352224162513456366136461141165524252463562462464245311325365656
6612542241621424523215123631656542333453153461164621633315152633445115365111515365514156341456164154125426265355532116322412454266342113532634566514233566155216412131331235324552543455
162
565542353233655115636242613435254235152564536521626266442121622421654551455522435522462663266615115512335123446364446543624625416626632632453526155153644452333233
243263653534452363521123321644263465132123653431625653232444631163251156234626234312316531231613525635122113463525452365645261213116536553434436524232134466642532
56
24353333214661333154653262635122512143114125411132231246
16452235463652615351526421244651446143553262451612351312
153
115143456343122455434214444326631131362625413156244433624664123664212545155242333336546413643246643212534544223616646355132442216145215515622553665316245
115354346625241544455666555245411565456126514114524356612556615132241146354461266521312314633351233541535456663111151534466116511554331665216515535546242
95
24563261251645113443641466151355623135241164461433351225412633654516236263136345631542113642531
31466624463253535223422161524115653243631431553132221421525226164324611455634255461166331566334
101
11622663566163466662216636443524136162211116553522344136224336563314351614435124225221363231156253425
56351313364462311352341462525356652511531243433544451513555614151541513453151512636663546422662655216
71
33235516455113622115365313643613232244641233362156335122665531265163634
45235414133526421151653226553364524643353544123264335216412361361641126
89
14531332553524545312211434524251623663213246312321565152341332326613466364615262345441321
26414152654161445652641262423261131136265242521114241362456153233424316252455415313553616
163
2635344664526414262646242134126452433226635424435415261433455553333326316655526423651112413112636236152122142351262235265353611555542246654355141443511122323611436
4244361621633251434643346655262553615212224352512366162444236345653454512662415561365134642221415225465453334334415155643324546422216124455144353126542422221636651
9
545312144
212511256
57
162333622146456232656465611212621136561131526432243233122
634446641261161333131223423526616414244226312421356132666
105
532156212141552213625656242111151511625411423454331116451212615456662633322145261215464564431552166355423
556211336341653421363451446513512625615343446243345552452143442164233545335652345233416611655421365344143
76
5551341666442556253435253115465655541522425646135636354235142446215662221454
5342461255163651151241545561141436615544661313152154362345536366212514414233
30
426461361542516516341115333563
136311344555321164515611162256
149
41312121513234546552443622336155644621112142445131363433215343523225336124344162216164421256126152522232464525341616144553642265245414166563323421332
36162544421641263156315151643153453243214325336542653221451454123621554664511453324361632564253566224343424512162445443112352165131554143413331311413
47
11655312234112363451154441256332332265323462163
54151144125452546533543433466115224113456531133
169
2545353142633341551413355526311624625535254521336325525131341264623142364324554625222433661211455542232234626542313331642426443516122432131542121151415423316112454441251
6531623211444144612461631254161333316336254521324232166524326645656463642555635451322142212665156342455315463646125512434232465322233351223356341634242243164213251314353
179
42214512536515655621342113621153256563651214212531324435514216143433612246243612616123316565125265615443443143613616214656566415112131513215542445361231266644256625242514414361335
51314353461262423656221646113462446321224616462351651454254352252342451665656656322623456121551133436565655435443262345656634441121524262666432243223522144531113314322242661263562
121
5115352112226616526431351145564535143136165314525256213434466622661254345335411426245331542611133334555312121124464365634
1424644642362352444423633466352655133424553263446121131464253555622544665346345465565141511221461626232663521452664264554
61
4144534151265431112114531621566316444651536556635313536412231
5266544362125462365136122514411553156636366255446253624125266
106
6542365636161415662346316311132334236611216516326411216322165542252456234454152653611414136116322623346234
2512556613512624263136153236235624653634156545542454321243214326636651456354654324164663224346244346433111
45
165531133364454635153321236223466244633314555
363115111552131611635252431145243625262163345
97
2423414565334131542224123356544415512344435321115423436266521252642212565626226531416165522125514
6554115112124566261466345616562162424425532334434211426421425436443236616535516164235461232641655
185
51364142121632521334254546126526551331252632345542461662616123661632225343354624345412345152663452326165452342431555332442443432154233516644621334444336421264554335222513544236442353642
16451613441363535564424641414156136316436145242144162126636534424465325551351536143314456411353345125623314422453561214433366661532126654315253146446642242343333323563256121462334555541
111
345663115445454421225416414211613124542662454553113322564131152121441561336113166253161144261524553242346465232
116433612414152612234332266522641664435635615434144244131243651365552465211614655524561335445214613115162366564
137
11253245626234142636424155533254355466554413163223551653665312154555634124554132441264341316124223335552646255554543212514245342141632445
13214525433126131412662431212344224261564555516236664421614156222245354251464543521453214446532655545216611565526435216232436551465456624
117
663222643636242615652354561152414443434435144253112446354336524235161622321633144131652464634263641462442353125131364
531432414162536263565364426512316235553566363542231613115116421422451553243513436125316423511336236524146514313644363
2
22
21
95
65413654354642626536564641251534531126466154361346145223355423264443252334235166563463331562333
63616232566544133362653336115651361543652531414652152153345515242534155312353342145234165124363
181
6524143315512342466255143634524363245612141536242456453332236355533255662264422556635232524621534111136311463153253165644221145611635323254255145633323413546414545651554535433664145
1432325261643614544265543635442266313123645136162464665311121525214311135212441221355645616624132531114516146313141515254332642443552614455524132536662134541132661643365442225433355
5
24411
55614
101
63334245362315234311632555321121541625424333523232466516436233441126455451562635645344642115445142516
24623515464144562211251615166646452215542133453524122656213232264336552112566323213554242236666314466
121
6142154634231452452313321345545454564153552154234336666336625163234561642634113613251622663444461242334623651322331265636
5366264436255451646345112561213143355114333625611465634321645325216515332135642423622266362241625535221523663231234333442
65
64163362523444354642643243463533411661342216244642216215646454513
36235525564156166335466314544261152315241631123241526261214566263
103
4251562132132265552665626226656665562266331164362256254366522413156352554454121555226642544322252563312
3641625623463254564661633124663456562314563523415134432556515244425411666556525655611361265454246336322
197
52351163634333165526261513134213265542443266136213336452532234452261341265344661454122221226566211646262632335456356355362564163355122633564632324165246634514525226424563244632526565345615214121164
56341521226533654251313221464623316615633415611616641254452216631465333416434161414343623626432434234514114536245655453634362612143516134243322325642623623224632433624321111245112165425164542441533
100
6153111216536144331534535235333625163125334151263221361552363222614341644555641442321252563556632653
2462236613612125254413441254663213545525626234612231315216612151164631366344546331215613536321314162
106
6613166153543231564143412262316654663625454626661264552425324441362612224415563565312655316426643132334543
1515456254225364126151131626142143664412234661215633226631612356143335456351445266223661216133254423564433
61
5134166421464235242232364516613533126335524565315326231425513
3644454542363564656625634316216213644251112262626134364131623
23
15316121662436662562156
16515324322554453344631
139
6345146336624341356652221145435563236163144213156636232421426562615522142222246453315552256514516562514442543664566366335134315156211546362
1625626346111525421323432642513464453525456136232234163436411434164335255414265165231643326432432411146651356445521563331253645341222466111
11
25125513132
35452461415
133
4224635326542251425642514223441615454335464352661615224463564315365632642535651524246554611112431133566325134451261666566154435212133
5234122665611243234616456635461114323314362434215641552544311516313341635165252135252163665151454433556343533651643332335563565264535
69
245664242343441411223516354142622413154424646115166324122143212433262
134213314511166625253313141331166124664256363122332534524543432363413
56
41135335565163235415115314355362135665364154122456136442
62663542216641544413613324233335434352155114131552622425
75
252364252336644551152422621566236652451451554652154256464624621223133453551
445234553231241532442343433343223133632434322215655311213155211542523322331
175
4523623116412531662654462111622524522362444225336343115655415536126321163213545563526221465555636212551413544331533153234242346464256324122316654262245511314211535666626461522
4416445326142164142625444265253223621423242252343231663312412461525616423331341312631125354155214113334222344155534656332233231615545154153325245564622534266523541135344111356
3
551
323
101
63351212322455632122664632562312356521245531434132224311636535565336445626663644112511346425155653153
14614153144136126116233365442652115462616654132115534615136151421652223361525535536443546541462315615
155
45114352653241515263532356654331243244314446563541442156541245256265431344426236461115515261222141621651556143551454144461651436125546113221454221656652641
62232226313412636435112311244331454521566246251354645341131645222551614146622266421623543331645242466442441636263623641136365341543133312465145555554512531
81
333361654165363154251166141334462114355623153644423331265126452653355556624242566
355125153535262426644141553646321415361242263625666515365242165431166155463411264
9
226132166
415542213
49
3451341652656626123333624343613115665624341545546
6215313235431324544216126331456434151616665111411
165
163421514421451523355634645624164452133245243153362264145534264113454446663624465161514436221443452541235332662456133156111115226425615253551523646641566525552522433
635531434442112365462264656365511434554516346532262625323532326651652113263642426214352341132223616331323224566256416212132222442421251532434612145133132424364241646
101
16664565324235225446333266254425134453143144412541644445541326621322215511633256622161352264315663134
61535213241465161323151443461365614636145133516312315424564554621565661114654413543414524246546253153
78
242342441156563316356551665532145444355236224326265563163641545352636213635364
424626356642442324113524452511613611311514615432435456433124356214424223243445
61
5435445461561615334265143241564316256546355514142521436322625
1246446565162211112623155411344143151213431351255322163412664
51
541544656121616235214442536253456113362221363243161
543133522624643312633312542654214634233335121416233
50
63422513431145623513352424434434132333425531434261
35421216561326465621433165611645663216636426443623
7
2243422
1445164
187
6661626531611621556562154343541353451253424613111314611424521343116355212362525453361463345541624151116643634532653224225326116114561333563555631633511111115244221642112134534633366211464
5243166161213654414245255666612321312516651623666222142345316132444544252362343113165243365243333162341454144415124214632616244122423246534434644223325432412445243643453616512546651426615
51
623151621221612641421251312641563361225412532564654
564366326461544645355313215461441642556144426433153
111
343423246656212463144413241352614525233531661213435511663646235233524651213454445235636266541154554122324632162
265664514454512215542314362123256642122363362335552123644655516652424342444633213126136532464261452412643244222
191
44363125566534464663336125242454435165211212453263665334134354642532313616564245644315114662451111366541166515564364425466436456314325333151462515253255516455652262136146661132355355156616321
13161221431433354455634154453516661243163232332415144663526425222625454361342323316621213544141146661153111264615255422414214561623213624642543255534634165321326252332521366434263616664242556
57
444141141231456251243155561141254555614534525431134545525
541524215346322643444564266424353262533354336323252251125
60
441142454334531662525642265254216216166235143533233323643654
444536441365361532526442142362335662341433341215456153455663
49
3152416664446523231521246231561155413133564633226
5221533664612362355351661663454253545534312364526
145
3622123344434413114263111151441235434164635251642665132656345342634554235614531516253151523516266145234215312314211556431613432344564216664242311
6515432356265252666162626523141262461335445543233625225523321562455423366354216346324134234655654651566614652521131426116143143366356515342444452
193
1122412323526663446133144654565651241133131262315631441515515516541144316254126365412336366454245144335255261622666352544211454564262423263266251662556535161621251325514333246122133645655222342
5411356361425565526353314646511432452366423644254346224561316255346143223416226436611662314151155561463312161431244445621536245536155115133621621151311124264211361333366242543616253133622153124
152
44564445621255413133134463132314266465121653446534226513362556522416555413646113445626211541355666245651255325216336452655632144562156346262552156556164
14335411452453245315143615332251525156123311313553243365244426133533645141251656462212212645625416513264244314132654516542216412243242265145414531335153
46
4242154543352562332345265554453131566611122415
3641412253321644626511322224312656545424662354
161
32256264352226654454315334331666612121164436216322554453446353121661143413111216556445565251632661151361351322622355532622154444642363166121462352532444656311243
46111444534565655112461535314332164323121565643113152243455634355152565434411621226441366352156514153142145232636131134466333626124635423636234555143525553221463
8
36316163
45261556
133
6635543314622225441313446141466335441565432451222465226115343614114251334456461326332121216623364464244452666145163424414441222116446
2312514422421236663241111414262524415131534236233653255223514635153121162425511124321261325164464346665432624555613236356415241356435
161
14441622523463351345316214345645631152166445362151361554355336643436244254461652211524111242643261133346221512552216362123663231623416424251265166334622162235244
33145235624531442134115135523656153532523563216123645131236353451546541526211222336312636331216555665231226651622562462641234233336145135146262233656514516266233
147
411646614163212626642515326542212646313413535643245446355526124141432435641313265566515562242122151643244545133642336313514546312134551323253436414
643626545543624462642355621616552432425112162316512664552133631246541554614312616345241556212612333365214511163621116365243464555311126511121455663
186
436513125454252656412513555133232236444262211532234433436131462164665654414231523135145466122414341454654531332561515342113465556622551213152413642215332264323623362623632443245242442466
132135363215542462311451261424666324136546613345423463636212156224411524264321316116323644556146543353645451125421524524252324615362315215325616465162454133122226112165265466662211333346
126
335266514366446425533143252245444532313526411333413246646442113422562163313256533633122132214313422253313432336432631342355156
556353115365521425354563316361332246361355514214433541236361224143423152115633356556313545261141534525352242521314362631665344
31
4521656435561554245343643612433
2144565541524615341554124423345
9
362521221
634216524
17
54621311533345453
64546216562262452
16
5152432564415235
1254232452621114
177
122412243223351165224336633565451435265513616552545512621622551322463336262521124365461235666614615263646526126542333136266541154354353554661253564311362635466512441146424323131
223262111344333351345642555135424362246431651432212466155414566262526323511362145614556226524163522653143424364135622451661242513446112546664356542553164444143525224332623312154
190
6531334422145366633153561352561534616454131342255211622422512141561611533653651231153145152633252324165132234165552663364432441656624645312461125262466123463122426551126336536645661615414252
1455543151614555642655566126614352432345463556534153152461243114635634211315363366552526645661125541331343521122231662145566522133163612451564411232341322341451521523335664121254242236511324
99
446351324613513552543311256323121263534343655643226415521345452615551462552434361331663636351521263
522641242633414424515435162623363314156352464311165132642466354252451134444346316335531261644361524
1
6
5
17
43666136563331641
46266454413165645
177
235164555342456114115612314361646261332655545441153346463164363526242625462521613231224163545346145164315355536531134214355232654152211212444444635522315121661635633244122163146
322566164636646216324436642135111115266135416224143655132454224646514121223331432632343551555252346354636362332631365114651333614322654223333316424552151451452615414621111556526
1
3
3
41
64416344136565135146522634416342323355531
32244454633534546411255345152456255335655
10
2664614352
4213613532
9
425423614
136631264
198
353513564432555113156312236554254656444215453651521146316331112462222556422315126234341563622121354123323545125653161424452525362165421164251222333263456121562325522265111414633663631511261466216614
513345342366656662342345411423651222622243466542412314413431233232462545156361156122326325131631121313612212462232333243145212662331424423134136151146451222326351154431461522212326312226252336334213
41
12345253525256426345333636652645441422662
16615424334154652662133335436154364614236
75
144323612564334253616214631633364464242333431424222434456315433332452662426
621446514623266251243545246444461514162511131452163664521532225513232164656
68
12112123365563644364331156454111453166565125643134653564353614641122
15511145651332426231521643264126632345454114426545111325443441532652
77
64544335313544623421543266412643363562565242166246664463166562461321356542462
61434112321165416516312435366141556461463445542653563332144361141533413561462
