15
48
2406 8585 4330 9548 6585 7030 8335 7554 3716 3905 1790 184 71 3031 1517 8492 8151 7372 9326 7303 6783 6495 2438 2059 3636 4990 9150 827 6030 6742 2648 8031 35 8494 9750 8487 6710 6948 2824 816 5728 6248 1685 6757 6670 1784 6652 8584 
18
7611 6619 9265 1919 7442 8415 966 3913 8636 4077 3772 8025 4697 1681 220 6113 785 3141 
22
908 7126 9541 8818 5231 4823 1856 1108 7504 2359 417 8802 9988 7726 7119 343 1981 8493 7569 3098 6708 3063 
50
1922 755 5230 324 1997 2023 2268 9503 6652 1812 6788 3469 961 8377 8744 7624 1004 8533 3996 516 9762 2153 7323 193 7232 8912 4328 7442 2942 2910 3800 3039 5255 6949 9422 4153 983 4157 5350 4268 8198 4516 1606 4714 5125 788 2722 5813 4166 5413 
20
4236 2257 6979 8843 1178 6580 2657 4379 700 7931 6717 1973 5186 7537 7958 3103 4935 8373 3292 5271 
44
9104 8279 2004 4034 5525 6938 1533 9215 410 3497 6265 3986 1719 9129 327 6914 1597 4551 7295 661 4600 107 4312 6101 6328 4830 8555 1255 1069 2442 103 5934 9473 2050 2087 9006 6554 1842 3857 9357 2271 2296 1457 2831 
37
5506 2645 7441 976 8394 2634 229 5199 1136 7607 8064 4677 8310 7272 2353 7847 7938 6286 1220 4897 6175 7941 7861 11 6597 7366 2040 8846 1018 6830 648 4774 1865 9503 2607 2744 2146 
45
4662 1077 8402 1484 7629 2191 3301 7200 7053 4892 4953 4788 9980 1993 3461 6567 8417 2337 7305 3636 1800 7486 264 2170 7976 735 7267 204 2691 4875 696 5352 7102 996 1051 3933 1779 6735 4403 2729 9299 3028 905 481 6863 
5
6412 2486 9144 1844 6153 
40
9141 3800 5865 2011 2166 5631 8554 1347 5015 7441 5859 3468 5815 8356 4306 3012 73 7197 377 5773 8154 486 4825 9998 6325 2160 8925 3896 8099 7019 8634 8316 8839 9955 5045 7339 6761 6397 5878 3438 
47
3235 6379 8247 4183 3964 3936 6840 2504 720 2446 6387 3339 2906 753 3873 6021 3583 4591 983 8458 3758 790 1269 1637 3608 4724 5585 2122 4610 5469 1508 8266 1609 697 8099 711 8805 3484 1905 568 3777 458 9378 8623 7802 1578 9939 
44
4453 3930 4841 1285 2598 1972 3304 9785 8975 8751 3397 961 6486 1337 8957 4746 170 4180 647 718 199 5342 295 4497 2791 2262 3236 1195 7324 5195 1629 5959 6507 1623 4088 2764 3179 2076 155 4265 8527 7902 3871 2182 
48
8033 6481 7336 7551 3588 7194 5718 8409 2447 8626 8794 747 4328 8432 602 9336 8348 7973 728 2505 7581 1019 5894 3620 4311 7624 334 2993 7111 4855 3201 361 8958 5912 7038 639 3682 8262 6805 8339 8277 7418 3933 7189 59 4654 8739 5271 
40
5301 7555 8998 340 7145 9868 1146 5196 9877 3680 9660 6548 7877 393 9064 5286 9146 6354 2883 5077 9122 7428 9534 6859 1719 1888 8844 852 8038 2621 9504 1888 8308 3314 795 900 428 7926 2085 9027 
48
9798 8537 5004 913 9719 9302 8740 8143 6525 3218 853 5958 8923 8946 8294 2177 604 7304 8429 3936 7153 3821 1250 4521 3611 9263 7190 8043 6732 4012 6181 1267 7385 1727 3735 6691 6723 1562 9885 5999 295 9909 3786 4169 4978 934 464 576 
