50
4
2704 2513 1264 5413 
50
7632 2651 2259 5778 2352 8355 7572 2499 9139 1119 322 674 6857 2384 2764 2785 2691 7392 7471 4908 5735 6205 7988 8212 1127 488 6810 1456 4269 1529 2870 8591 9578 6422 9016 9984 8368 804 6591 3846 764 1069 352 5574 7960 2754 4227 8403 5855 8819 
34
5372 7475 1388 3558 6276 5195 9794 6563 5506 193 1871 7908 6410 124 6074 6483 396 4152 1115 7306 3195 4655 1565 1173 5089 4690 9077 586 8929 1656 5346 9463 2141 235 
41
283 825 1022 803 1352 7231 6883 3448 8007 9973 2349 1631 5548 5308 1314 7567 6907 4394 4691 1928 6412 4395 783 6639 6939 5571 2964 6549 2451 1623 3607 7919 1051 5852 8663 8770 6993 9072 6909 5677 3111 
26
6150 523 7644 5850 6356 1161 6748 6044 9874 8885 1306 8732 8710 4520 2541 3217 540 4950 4600 9666 7617 6803 1215 3494 525 1895 
33
9067 7109 1765 7325 7435 2079 9289 282 8748 8359 3920 3413 4887 6018 9341 7177 6172 6913 57 808 8739 1960 2170 6465 3878 9327 2264 7518 6173 9673 3020 6193 5322 
42
7641 8912 2310 5808 7407 3214 8028 9603 9965 2108 2421 5132 2072 7584 387 5334 6074 3157 2689 2688 7244 3603 235 9003 5094 9169 4459 3219 6854 7943 7075 6305 4096 5833 4882 9825 8998 3345 8848 3872 7832 3275 
6
3272 493 4936 7881 2654 1954 
41
3140 3307 6610 4888 2009 1179 8183 2302 3670 4467 1056 1394 5328 8198 9107 5742 5909 2809 2821 4282 898 3685 920 5978 2854 9917 964 9415 5222 9057 873 8883 6306 9523 4116 2503 9144 1896 7137 7215 2808 
36
9615 1689 7752 4985 2746 457 2600 7489 2277 4017 537 299 8118 1743 9289 1365 8950 55 7346 3463 1497 8659 3157 2158 5483 1944 7808 393 4124 3899 5624 5668 2238 3444 3779 8259 
4
8722 6916 17 5405 
18
348 2011 9337 9028 8719 1798 4555 896 9254 6296 6280 9781 1107 7157 3839 6484 3610 184 
1
9275 
31
6757 7731 5660 6744 4508 865 8975 4495 6129 5958 730 2357 4778 2745 3216 8719 6057 826 2057 1544 1179 5934 2769 6790 48 2487 8242 3916 3515 9383 4422 
47
2284 7846 9575 1745 28 2307 3818 195 6681 1255 877 347 4371 304 3852 545 262 2684 4202 7649 1545 2196 2301 3284 7014 1068 7115 4464 1371 1576 2884 8235 2849 672 5280 7781 9851 7991 2779 8087 7648 8793 4461 9238 9757 7764 5711 
33
2261 2456 1307 3834 4026 3361 5523 5655 6593 7701 3541 6588 6240 6873 2366 3939 4171 7241 636 3916 4976 7576 616 8690 2896 9012 2196 4014 4175 6365 9425 6939 5645 
25
661 1961 3990 447 6506 2646 2439 4075 6810 8922 9346 9796 7498 2641 9860 5992 9589 9278 5140 4507 5179 4510 3103 5919 3641 
41
6834 1140 859 7331 5735 2721 94 1192 1077 3795 715 4985 561 7589 1217 8464 7881 5889 7075 6781 338 1702 3858 8596 4351 491 5083 4498 5142 9235 3364 8085 1214 8145 2803 8429 4668 6605 7985 1822 8126 
21
3309 2615 7623 7516 7139 5048 8844 1720 5118 1855 2222 7627 1243 2196 5353 5486 7569 6822 7164 551 4782 
27
3995 4459 9443 9265 6930 2420 8787 4211 5018 8099 4680 1930 7104 5000 5495 1337 6900 2111 7045 1504 3408 3357 89 3239 9626 3244 9572 
30
3515 1636 1854 2913 6129 5419 195 6391 4897 8461 4734 8782 7601 9327 8309 3001 3142 4128 517 2827 3753 8449 7967 1350 751 1431 2051 4949 4617 8543 
24
3390 8121 593 3549 5906 71 152 3098 7272 8835 3201 4137 7097 459 6289 8442 6189 2223 3628 9750 7845 9843 4836 4388 
2
2389 719 
12
6151 4816 7180 49 50 32 8471 3217 769 4246 1579 1424 
4
5822 2519 5853 8011 
48
4452 5185 2764 3188 4102 8513 7553 1578 4705 8045 5749 7112 5806 1900 1267 677 5981 9804 38 646 6493 6452 2308 5814 5339 2605 4534 6364 1400 2049 3212 2855 1998 1106 7679 5533 6323 974 1478 2405 9743 4833 4861 4369 3147 4123 4787 8625 
26
8868 4834 2019 2220 7694 6469 3439 3633 5466 4693 7779 2235 2669 2756 778 903 1236 3406 1106 2942 6309 9213 6205 7126 4808 524 
6
6606 5367 4029 2123 8187 4354 
17
3025 3388 6389 9258 7289 9684 6830 3390 8043 3129 6505 9531 1279 6937 6463 8865 1338 
31
9775 3180 6666 592 491 7208 1125 1921 2774 7451 605 359 1996 2547 5958 5140 3603 2285 6267 4974 2145 4168 7486 2986 126 3722 8159 4121 2907 9425 1087 
36
2707 8636 5140 7667 8561 299 1279 5002 2338 5268 9469 7462 2764 3432 2700 7261 5407 4453 5247 4772 6556 7021 8786 1957 643 6647 3953 7506 849 4132 9255 5080 8681 3669 5555 8599 
8
1627 2512 6401 594 8832 1156 8673 1786 
32
7481 6942 1186 8570 6139 2608 4901 1156 2513 995 6785 6923 5471 5929 264 2324 939 3925 122 7503 2271 197 7687 5010 1566 4079 1855 2326 1306 6960 5580 7137 
40
3248 867 9204 1288 5802 3415 7764 7121 9531 6750 8766 2719 953 8056 1479 8051 454 2765 1123 1151 7525 2279 6247 7538 7868 2048 10000 2599 3546 1436 453 298 5419 5994 2058 77 2697 3559 8951 5115 
34
356 4761 7211 9000 2522 1063 390 8996 2891 9415 2332 9438 8026 2050 180 7775 2109 4469 915 3448 6961 1002 5167 7334 7584 2902 7860 7126 8191 1572 5190 3883 5195 2018 
47
910 4421 2523 110 2982 7322 4565 9150 5816 6248 1115 8827 8448 6286 8413 869 2705 3300 8455 7275 4745 8267 3103 4259 9481 9862 6163 2860 1763 2169 6019 2561 2388 1441 8218 17 8789 3428 1587 9213 2029 730 4122 705 9177 9372 4576 
50
2846 4684 8931 3687 9117 5686 6862 2099 1177 2517 5244 1523 4966 2728 7843 2893 1858 966 2494 6968 9128 7425 1099 8864 2 3879 5431 2620 3887 2238 9607 2750 1958 3345 5000 2123 8250 6326 1209 5708 9118 8099 551 2468 6123 4400 8633 6019 4303 9005 
28
1243 2424 535 2084 417 9922 6104 8618 4805 9453 6301 1912 8661 1922 2908 8445 5423 7351 4453 8777 3686 9537 4408 7501 1031 5274 2487 2367 
33
196 6797 5778 5473 6205 2832 5286 3222 5763 3667 3707 1540 9081 6288 1036 4179 4570 6692 266 3243 4573 410 9494 601 8618 4476 6260 1508 9869 1143 8620 1233 3800 
11
6786 7412 942 2163 8120 9832 9757 8066 5475 3297 8923 
3
6587 8671 3829 
27
3447 5894 7171 9549 4425 9756 4640 8264 677 5011 1993 3991 7032 6520 404 5706 374 7162 3443 9689 9764 7071 2393 2189 2376 4595 9772 
48
3774 7475 9116 6539 1884 1577 7042 6071 1928 5960 1372 4355 1048 2235 8377 1808 8379 8233 3552 5638 6966 2716 6230 4345 7761 4962 3487 4155 2083 3379 7060 2 7867 1893 870 1115 4225 5308 1794 4719 1501 2757 3606 9333 5190 69 3155 377 
15
2046 3347 4027 7899 7186 924 9451 8023 571 5574 3476 8717 4410 858 5686 
8
270 556 2472 2799 9991 2602 781 4398 
13
4389 1175 9061 4985 7871 3258 9462 7901 5381 1218 9259 500 9328 
31
990 6928 4983 3824 1148 333 1415 5702 8631 9685 3429 5802 1916 6418 3587 5626 5781 9826 6097 2016 3375 3039 5942 5627 9374 7247 1807 2786 3583 8777 5112 
44
8238 8570 1833 4104 9162 4455 850 9115 5542 420 3002 3226 2337 7732 3508 8397 8104 865 3827 1992 5291 943 8192 437 4269 268 4729 5700 2623 4955 2124 255 5872 6001 1733 1843 4526 4127 5924 9995 5376 7025 3810 2095 
7
9430 1302 1550 2193 642 6467 7096 
34
528 2852 8415 1851 5884 1114 3854 4580 7088 6085 7579 3898 3997 6850 2569 991 124 9108 4033 333 5557 1414 1154 8980 4896 2240 854 1703 6379 3928 8551 6648 5979 5562 
