50
6
3884 8531 1429 5275 4403 3329 
35
6039 7147 6378 3112 6507 7262 3828 5857 313 4518 7966 9912 455 3558 8660 1305 1728 9609 3299 3339 5884 4343 7549 9497 4034 3839 8574 2333 5515 1601 2592 8302 7752 3707 2700 
30
166 8407 9474 9769 4961 8307 9819 6522 167 417 4701 8430 7775 320 9103 3710 6618 6987 5006 4150 5784 2800 9311 3555 9294 6387 5 3086 4423 1748 
27
2712 568 2350 2569 422 2744 2162 8594 6095 1504 6403 5825 3362 7840 499 5783 846 2274 6447 8332 9917 3570 6150 7245 1008 7070 7280 
41
6689 7019 3164 5391 1829 1017 7994 7984 1392 6039 1610 9738 478 9881 4533 1800 1151 9433 1963 548 6850 1965 812 3150 2581 3768 8491 6770 8012 8146 95 69 1056 5132 5228 640 7818 9199 2611 7632 7904 
17
325 6588 6159 2955 8957 2201 5099 5300 1278 2956 1234 8113 1002 9358 6183 9680 3638 
28
6990 9603 9018 799 9155 6355 2733 5712 5280 2276 1840 3857 2814 9914 9498 2065 7036 4460 3892 7038 7838 9577 5926 7687 920 3688 6306 50 
5
6004 7390 9916 542 1832 
14
3071 2209 6903 6918 2313 686 6255 3083 8811 1698 8191 4001 1438 4410 
14
9155 589 4721 558 8137 1775 1929 4970 6074 5363 5784 9899 3693 2386 
45
5769 3313 3839 5235 2688 2702 2802 685 7689 7643 7845 8386 7371 690 3406 6996 9809 1856 3103 7659 4541 3825 7370 3232 1549 5260 1401 7750 5454 6778 1373 8811 1199 3981 4949 1504 6551 2527 7426 1029 3672 1352 2280 6041 6 
33
3480 2608 2147 3013 9100 1286 6445 8117 7282 8434 8027 1646 236 9823 916 9021 4103 4695 7376 8580 5291 5313 1027 6976 3250 413 151 1179 6013 541 40 1986 7827 
24
2678 5401 1835 2327 8119 893 3901 3018 620 3082 3748 6696 4229 318 7382 5794 710 5454 2487 7517 44 1385 5226 6638 
25
6922 7834 7094 2186 849 2200 591 6162 2931 534 232 3874 177 1971 5406 3318 3015 1480 5788 265 4246 1443 3443 7081 8548 
29
1693 5530 306 6194 447 1710 2910 6343 862 1475 2106 7471 8403 3437 2349 5923 5473 2182 8745 4126 3126 3427 3260 5553 1073 825 827 566 6387 
34
4636 8851 7977 5270 4739 8577 4457 1399 7375 6110 1866 940 389 2400 7353 353 3230 3003 7850 5676 8589 885 1115 1562 163 2983 7551 4636 2070 5222 8010 3923 3327 2484 
10
6743 2132 2689 5923 5262 8614 437 7317 7771 7851 
48
2298 1605 2446 2742 7113 9450 8149 2351 4485 3348 1203 6130 2943 7354 9199 9933 6335 8250 2598 9131 4227 2662 9149 1192 9510 4732 4985 6902 3748 6090 2018 3567 9965 2434 773 2076 2345 2762 2313 3749 219 6024 3924 2250 7065 1564 7119 2641 
30
3326 7719 97 6817 8825 4438 4639 58 7320 3217 9047 5954 9713 7939 7389 4491 3087 6283 2212 8112 7332 7953 5423 2710 1838 8702 1174 2452 9545 5484 
39
3301 4358 6796 3726 3995 1803 3095 5934 1510 5546 103 6385 2517 6614 4343 8805 4652 5428 2648 5863 2774 735 8389 8373 8221 4654 8745 399 969 7737 7632 8979 6725 1562 6299 4330 1016 9553 6664 
18
7986 779 5266 5467 7509 1699 1940 3871 9399 1865 836 8941 5717 1315 8926 7646 8729 7809 
11
9997 1663 9509 3345 5793 261 6771 5534 4956 8625 6965 
6
2051 5479 4930 6697 1583 8795 
18
5124 9299 9556 9815 2951 1630 7346 504 5778 8947 2546 6254 2691 7704 1215 692 9929 1437 
17
6824 3868 157 4126 3086 3563 5513 2925 7687 2454 3219 8031 1747 3038 6920 7820 1077 
29
5618 3560 3271 9914 5869 8159 2718 5473 8296 6256 5742 5599 3918 2111 1873 3501 3222 310 2196 6061 9639 1131 7587 656 5904 2360 1158 1273 919 
49
6923 8771 8561 9580 4903 8751 1586 8696 6007 5744 2516 4443 1580 5019 3597 8938 5382 7768 1708 9297 7200 9038 7397 2778 8173 559 1134 2719 1488 6335 600 4172 7474 8075 6850 8889 1456 1687 1626 1927 2707 9177 5382 9992 7589 372 5954 4595 1360 
35
3610 5928 6233 120 5179 3490 4605 5947 9141 3835 6746 5015 7619 1924 8929 2506 1150 453 7611 6268 4943 8561 5482 5970 7876 5374 6241 4756 4357 8244 9894 7265 3959 8835 8823 
27
3424 762 4283 4508 4428 8693 8939 2249 4288 3719 9729 8329 5325 2568 511 3093 7303 8417 4770 229 9719 1318 776 482 4525 5378 1617 
40
6522 7673 1427 2099 8765 9498 688 8458 7469 5764 4235 493 2502 3756 7160 7406 279 6251 8692 8138 5132 5948 7093 584 2135 5111 5827 4614 7300 1671 2168 8006 3804 3123 195 485 4651 2011 6147 5613 
20
2849 8498 5883 9279 3643 9056 4435 2884 1846 5922 2130 1668 5789 9515 6805 7851 2298 2953 2360 8640 
35
4339 9874 4277 6889 978 3023 2416 9717 2461 2157 5144 8772 1753 1003 9521 5165 6560 4175 8747 2416 4594 7783 3575 9978 2410 418 5565 3910 643 3681 6858 390 7626 952 3453 
48
3781 7881 2980 9743 3044 8802 2707 2308 951 421 7717 1978 1361 6986 4981 354 9563 5952 7103 9659 3932 2393 5475 308 7080 519 8154 2895 3142 9937 44 1302 6 6907 689 5554 9090 165 1110 9866 9973 2386 9011 5145 8458 8827 202 771 
14
2245 3619 8921 1080 2689 9286 107 4608 2963 1080 7486 2542 7285 7033 
28
1820 9469 9469 6326 7871 2620 4507 2269 2394 2664 8130 3139 6163 2956 3458 8108 9690 4254 2378 3724 1399 2402 4670 180 5267 1389 2075 5804 
8
1821 3374 2258 4480 3079 5601 338 7202 
48
9624 2438 1486 7936 460 6303 565 3764 9141 6757 9199 3251 9453 7435 208 2692 802 1191 8026 4318 7164 6897 2339 7967 9521 6233 1240 1 6021 3278 2675 1994 854 8780 9145 4099 5431 5158 1062 5707 3770 3205 941 6957 7108 831 8907 3087 
32
2059 6012 2252 260 2756 4304 213 7435 7484 3983 4483 17 8243 8730 9664 6861 6264 2500 9031 1436 4863 8673 537 9211 6660 4413 5074 1655 6559 2208 3179 6770 
15
2049 449 3161 1710 3289 5877 7811 2114 7050 1686 6461 201 7583 5468 580 
28
70 4294 8147 5219 1115 6678 7758 5659 8806 3755 2829 4676 9832 2624 1405 776 8658 2307 4483 2262 1975 3417 4547 2788 4483 5984 4880 4295 
13
1013 2613 1969 71 662 1427 666 494 4315 3212 8690 4704 3905 
33
5414 3114 9446 1925 1585 9750 5980 3500 3093 3585 3048 4113 7658 8945 3738 9924 3078 1878 7970 8902 9709 415 3665 1190 8587 3921 1998 8108 6336 5156 4570 1926 8108 
49
4502 3954 3707 1701 6067 4602 1986 4655 8890 646 8667 8332 525 5823 973 2774 3613 288 2096 5943 2510 8002 2703 4588 8344 9256 1902 7369 9552 6616 2270 877 8710 7387 9487 5048 6383 1766 4134 2266 9590 2554 8784 1933 5599 7465 7045 8453 8045 
37
911 119 85 7552 9677 9000 3105 9430 5252 8247 1865 3165 4821 750 1359 8089 8453 7253 7194 9624 4905 4040 4934 9749 6464 1499 202 2092 533 6618 4202 9679 4501 4405 4030 648 814 
18
562 144 1737 8855 8207 1375 4553 4298 4570 661 9460 5479 3515 9624 8770 9220 2001 879 
41
174 4789 6527 5318 6590 620 9651 2232 4427 1200 7682 9289 6720 6129 4412 501 2720 7256 6164 433 1111 7757 6740 2389 3811 8506 9406 3145 6515 6239 559 1139 3567 3495 8249 2688 5464 8667 4193 8960 7200 
1
9701 
23
4061 2520 6754 7249 1994 6910 7574 534 8559 8706 1169 5375 7731 2847 7889 88 6255 5928 7678 5702 1444 2442 2627 
34
9184 9775 8895 8870 4973 2116 7339 1840 9370 5278 4892 4869 1294 1512 2459 3104 2858 800 4755 7579 718 3666 186 756 6543 6645 2628 4036 3272 6965 9077 2461 5934 976 
4
1634 1384 118 9114 
