67
82
7185129 6624556 4252601 1210577 6299381 2471636 9873591 4122187 7998010 7234505 9287261 2331617 9249551 9375952 2914634 6488353 714541 6780619 675521 4666241 8136314 7475921 6939749 8991643 7959821 4627921 9907010 418721 4112183 9254905 5719917 3007309 6019331 1356161 336808 5547531 5995556 3683957 778201 5591901 3348129 5040937 3894251 166450 6432908 1792373 2728783 2925709 2315871 3854311 1592705 3314681 5639263 1768221 4737504 8806083 710751 4779055 1281151 5014817 688329 5979621 9127256 6206909 1051592 7690517 1252871 2495209 9733089 4734583 4321905 3757873 7123103 7149665 2702818 8160409 8811241 8498281 8813972 9571025 769726 9952183 
93
8472011 9918551 4415374 1423809 5941749 9932433 689071 3803829 7199851 7441486 1717185 1047067 4456747 4102348 8885825 8802015 2735013 2247050 4989469 9155698 8135126 3336529 521416 9440001 7683897 1332859 2815531 9492299 9893701 3129081 2791319 8595105 1399514 5584511 3687523 9692957 729918 9994316 2347285 3171278 5042461 8867537 6771139 2698341 4889025 5734257 7411773 7640001 9365547 8120409 6886068 953836 2110881 1379234 8450881 8509353 5190931 3189068 2758871 3949527 103076 319801 9970405 1497281 2142891 5215811 9767779 9435291 7300425 8346373 3114585 8743249 5023777 5602957 1810029 5557001 2841021 639509 6918780 680203 6870522 5822065 5491336 9284401 3004757 3657965 6042969 5403521 3167841 2296779 8043301 260767 8937501 
81
8485495 8629396 7652422 4883625 5174892 4806219 9099216 5742961 7712356 5919377 6920385 8287062 5416139 7752801 4001328 2558781 6866181 5894497 5568528 7851337 7405356 1282645 4001731 7432469 3611896 5209471 2959945 8798314 4141477 323709 3465557 1829929 4522491 3864481 2160419 8112923 1531841 2625286 3959415 1268651 5841671 7237356 6158585 2214141 2991416 6759113 5869415 4120201 1729105 154921 4390281 5192397 1058451 8793459 4067669 3468801 5709190 8170964 4164929 4109283 1917101 1626755 7279761 9790111 5099905 2269635 2215841 3314142 1530366 5068291 7931269 5332788 4242177 3620311 8269227 7992568 8574940 8222537 8660625 4982921 3109815 
47
9528701 1792981 7227311 8438979 5826176 401891 1193721 9419491 3079541 9785963 2211075 7133461 3859099 2844707 1812807 6505937 5375919 4286433 7387010 3294593 6454049 1518523 8644429 1053043 6568451 2450141 613203 4354356 5212535 3772699 5681476 9098667 329291 2994073 4222351 9713616 512601 4237833 77137 744581 8752196 192849 7705617 2331435 3045753 6898301 128436 
29
310744 211257 4203721 6664795 9191689 9235565 8806985 2037674 9290623 6820585 6245127 4112575 5783966 2183968 6799183 239707 8533609 8703672 1739123 5502956 5676573 9495081 1420462 7225996 6581298 8745601 5227776 2243809 9286064 
3
1006097 7786821 4343081 
95
2142208 745577 4672840 207882 8589741 3398249 6141014 936601 5530391 1766699 7409553 1657337 6758705 4896179 5193921 1772251 3014145 8605899 189769 765259 7030281 8414537 2462435 7545217 1249305 6367097 2386006 2505713 936993 8621341 906951 400151 6028072 1911217 7809961 9365727 7853550 5272228 9496865 3928407 1085417 3447373 7382234 3228336 5846073 6832731 780888 3548873 6805781 6839989 760753 246081 685073 4251265 8685291 3294351 7476591 2990485 9508931 486537 2440361 9141511 4865213 8241749 577693 6923269 4780361 5370511 7581029 3418129 3004227 7884674 3743515 3491817 974431 4334275 893551 8644187 1566775 9093613 1518321 7695769 3631756 390243 8259249 5735019 9569266 5031424 4245537 9191043 8953281 9395897 7822522 3713435 5672065 
10
9772685 9541441 1239822 7362205 1022565 2441311 2659441 5854537 1445241 4280827 
59
484785 4366621 588904 2958881 8673214 1989684 9281559 8825201 5496417 3811773 7949205 1034457 5904421 2468231 3577323 8744413 7519797 9691941 9301361 878921 9060887 569176 412473 2655449 33320 8793049 49001 3223421 3247401 1146472 4008079 7588053 5719001 5029391 6209609 362301 1590692 2730303 2451601 4593697 3996082 6086089 6420171 5745157 280321 8350601 9696867 8015691 5665441 8600597 6412309 5876711 5023389 1034865 4732511 6564928 7183888 4580001 7957074 
38
4805253 8281893 6326801 655734 7616545 4641609 4048749 7005901 4683672 487135 7991297 325118 6137182 7295018 6022773 9717213 4942577 9929751 3928925 2004686 311496 5154979 7110876 9124191 4641478 2298598 732517 1322840 658267 9765373 3861962 1281301 1708348 5849745 1437921 9702145 5258732 8824721 
30
8260161 905971 1068011 5978201 9388611 869151 9381701 8552485 3263255 9782136 5070101 1414651 7350721 6219929 1160341 1622371 8117149 426796 7121371 5418417 3586061 324938 4879665 4450465 3418571 9231409 2595852 139615 6816355 99789 
19
2211829 3001751 8202911 2908411 374451 7940689 8557945 9401099 2575448 6909291 24567 8710533 4678593 1943371 7288561 3412169 6012357 3106390 2414326 
77
7267811 4929491 6465651 7221822 3157781 7316089 1156012 80303 3442551 735441 6229805 8284539 9384766 924641 7668871 1234186 3935406 588985 1929367 9234854 5570751 2423605 5489217 9453185 2654132 1403057 4767803 7503828 4586501 7441771 5904868 5880101 1211497 2270163 5259231 1494809 3289321 1605166 3926345 1336671 8848769 1074795 426405 6614411 8526753 4337761 265521 2822183 7467089 5256682 4460801 6961691 7021279 7895305 6279289 1314271 258901 6515507 5428881 6328913 7180126 2287851 4560512 4462949 7550656 8626569 3633010 5069818 6941253 236497 1321677 882126 8793997 4615466 6601981 815165 2773526 
2
6370073 9935225 
55
9992147 5371025 865072 1514961 8437809 8274777 7005288 1326246 2379003 4469193 4768549 341895 2037751 5035217 8344545 5873981 5105891 7962921 373177 743215 4737865 3253456 5898921 8748481 1103846 9396657 3582561 1411661 680785 7136996 2807136 9144629 6827877 3925346 9909501 4611945 3162825 8095473 760943 5946535 1502457 7331721 8642222 6510387 1661189 9108789 4983175 3922625 6659188 6692954 9457980 3739639 2817815 998161 717251 
55
4684921 718923 6137641 2186961 1045801 5080527 6068437 8607724 1960621 2842784 7001956 1665676 6602961 1516554 8071940 6600221 1860425 8949858 4039782 5701049 9814233 4685078 4634701 5252800 7379446 745821 4618981 8862713 5608583 7899741 4462685 1389768 8285929 7525001 177657 3483741 1748415 688607 5953523 4740161 9591281 3052198 8728617 9408897 2439134 3850778 5929601 6446777 7381393 2781829 8267805 2996141 3841253 914236 7722625 
20
1040709 5356360 5934784 6870873 9962251 5816237 7671673 8158761 884461 9325351 8218053 4416140 1111557 3134589 919778 8990911 9022331 6675941 3752426 4374561 
36
5176526 3085485 4516317 1129601 1004697 3080747 3220440 2075001 7974008 7885785 1043829 9221351 2404276 8617157 9072335 5125969 9952731 6289085 7997099 505246 8811927 9521171 2973319 2700347 7131766 4276417 7457517 6344430 472453 320001 1515329 7775365 9377845 4819133 70589 7489911 
65
8528377 8148850 4273513 9351789 706081 6983125 6967553 1531385 2636096 6794344 327582 5722095 5427237 5742031 8719901 9750240 2901991 9882929 5870206 8243221 230197 3064813 4294581 3859001 9222311 2143147 3200513 2896368 3359246 838425 1940680 203866 3003897 1407659 4928576 4145401 6809983 2847719 2847521 2717747 1548973 3008101 8950903 678698 993429 3719521 4643081 2790343 7799529 9162639 2783681 91297 516482 216765 1639337 8221404 5819811 6320181 9113197 3264906 9071201 5377481 6932173 6415743 5769839 
29
9860593 7197171 6127347 4360425 7492697 9324303 7857210 2594195 4545929 7752981 543813 4382094 4770777 873775 9180321 7391551 6061143 11009 8661761 5943017 6983041 7316346 8150697 2451645 6588790 8138248 2509805 8648009 3450979 
54
7814857 3166128 1407996 41781 3044565 6405573 1074997 2296811 3654305 7941353 1312809 5758430 497099 582345 2865751 6749502 3018026 6347420 2608665 7579233 8957231 5865401 1285405 1416984 4448479 3763713 5172449 564179 9323384 3672945 6572501 8535969 2734370 2605321 3413221 2048209 7317828 1679381 5778821 6486421 4767741 2085756 3116925 3498167 7512212 8056937 7423095 4418613 8308241 7625637 279288 2188717 285793 3913101 
32
3158137 674584 6726882 4374353 6783381 7570721 9780265 9691722 3330191 563264 5257723 2490509 2275841 8109934 9855937 3395454 5623112 793745 8715886 2595214 7605296 4763193 4806869 2595322 4477985 7970997 639061 1723229 6535777 4860481 3205433 8448238 
33
5788791 2173797 5644451 451104 5923028 4526879 7603521 4949929 1805793 2318849 2281156 2428265 7929953 5810999 7956143 7016593 5559381 2280183 4943837 826629 6653174 7856919 5610175 4952646 7180945 7208801 1203491 1820369 5624376 3505153 7324764 4901433 2744309 
37
9475474 9962532 6050011 6732406 926566 1637855 5038895 6351068 1520451 4535661 7236037 5203206 2959907 6293857 5432311 4455909 9025696 6317360 1954557 1852005 6072178 2661826 165455 114831 4937882 3510355 5990960 1255169 5418942 6628929 6205282 3949286 4153001 5345851 9643577 8551141 6769236 
72
6894551 5167301 2422711 7055785 6801697 5958807 6518987 7843361 6831849 8337956 2651713 4852664 4550329 3328376 8326333 8629401 2670701 6676481 2617636 9738430 4673529 1385225 2048261 5538251 9398428 4255483 9467457 4682513 5182905 7730767 6847953 2151829 1400625 2202754 6770557 4497195 8273071 113653 597960 4946929 5805746 1246200 1450241 548289 8928759 6742124 3959012 3814956 3673697 3053304 1359026 1031065 4696131 3349537 4624893 7983675 5088165 2883055 3706601 9598033 1294459 2690376 4066929 8487257 2592893 8052305 8562809 2717349 5939897 5164 8146417 7252931 
36
357036 6154546 2986674 9569599 663903 4779405 1704062 1890329 7014534 6813312 2826216 3010321 7535992 5837357 1371141 8402370 3921297 5938146 4585329 5147120 3024907 478001 7685441 2910513 565193 1355181 2813825 2700289 4625637 3072917 8364409 2007375 7133609 9034056 1012321 5810685 
82
725727 5465926 7316797 1453869 8380892 3830714 7035469 3773969 826001 7242540 672260 2050179 8474768 2539930 4364321 2081181 8147433 465251 4671811 2328799 610037 3618561 4231729 7239291 3175011 4898401 6822907 6242826 3623854 5294481 3049121 4863325 7695066 5570849 204495 8576501 4018425 748031 3588347 2380300 5453804 9385313 6893477 9892508 2278353 6853865 5844065 7940113 7503049 4069721 8132919 4949701 3772304 4426875 9471776 8303492 6555445 3486979 6125919 1555503 9220086 6977877 5068533 8579291 5214026 5366601 6713001 8167897 6604111 7947686 4359649 9479527 2427373 8273782 1782201 7803631 9810731 7569769 5309153 3779473 6288847 3102222 
8
3474976 6595337 594424 1597572 8000655 8325484 428341 4554391 
44
1523397 5088331 2605842 3675053 3923031 9811955 7681605 7891770 4900881 9664131 4909903 9255432 4398821 4931457 2934161 8915833 2962251 7264506 3934585 9984225 9767233 7741277 3770301 515305 5090625 6100909 541431 3373806 1835513 1957165 8300676 6861579 325258 3363845 4082904 1775979 1519095 1515541 8530081 956815 2089337 5054004 388887 279028 
39
9336776 2656501 5504273 3634251 155255 9832126 2521735 6953251 3136995 5082839 1467852 2098101 155856 2433201 9521278 1408080 4216992 1005564 4045273 6376917 1119557 6640233 9617857 8921921 1610705 3646617 5968029 6933441 5978001 6228670 9578417 6122221 7421397 2577401 2044531 6526506 6736792 285191 1577071 
64
2822672 483731 3719577 3679621 5621297 6611449 3799483 4738841 6952541 8311381 9570545 3606427 1833621 9005705 623283 8793435 8924001 4351241 9279031 4170861 7788661 2141215 8471818 166145 6701831 6831881 7410753 2040211 6420801 8943739 6251817 706721 8945231 4552827 4384751 3116066 2165153 1135171 2135721 290598 275803 7637531 3359341 5660487 7066196 653454 3349909 9249006 2892801 5339818 3249833 7248734 7024987 6786904 6960227 1631351 4984850 7965542 4910081 3016581 1178851 9350901 1711024 6298554 
68
2483125 3994991 4840880 531857 5283084 223915 4709427 919436 4998023 9344024 6180473 8632786 1634426 7652533 8952785 8249100 3328973 2671201 6159045 5951147 4062193 1161579 5057947 5297801 8248408 3069396 4591741 4025223 273870 1527978 9576761 3207702 1625336 1829373 2977556 3389205 2796616 8558066 644955 4790521 174501 6292761 9262543 7185615 3256005 1338913 7811761 2933297 1620679 1818881 101416 5521771 2374723 105261 130133 3268433 7212506 188989 8225243 5233036 2563713 6035357 2478026 1047301 2791877 7492766 6017966 408895 
4
3200941 6158581 4136157 5909601 
15
9272717 4141177 509719 8304577 8096282 1968278 1323541 4406801 5665966 8471708 8121421 642850 5369264 624987 6430805 
27
7408064 5777078 5734401 7909732 8007823 9709241 9630488 1540449 964290 5691715 3767845 8896577 4419183 8944851 8411730 227569 8727465 6750281 272375 3934139 5691019 6119604 6274186 8232321 6169529 6363020 7535971 
4
4602884 3908201 1198025 5738809 
61
8208715 8843557 967600 5530351 2902666 9747266 8631925 3608961 3936180 4854721 5133843 3139271 6064609 7764394 7565083 3443302 5823171 9870371 3599246 8301533 1038833 4014761 3920981 2480563 679698 2303241 2725459 8142300 4539501 5123587 8931951 771967 8906536 8830601 436491 1130065 5304648 7570297 5971705 6954277 8384542 3120981 6283193 6578301 9300351 4995117 6221597 5551991 9441961 196081 3799049 2337941 6905448 6467745 2220145 4192193 6743729 8956489 7964876 6407656 7385664 
18
4385729 5887963 4607105 8923611 4545201 1481767 1440855 9597046 7359343 6862631 3756372 9074020 6308581 8477875 7243277 1653329 3850571 808852 
25
3823831 2085307 9989156 9029161 5370996 3951685 8245921 8099061 9424769 601789 8839661 217713 287601 5194905 6793941 4564409 479303 8188301 7712629 1095386 135543 7296889 1003087 4892843 1296854 
82
1497835 3860238 2172633 5109381 1672972 9084235 8385751 5137659 6486007 5735945 4423873 7817873 3358914 9439699 1099521 3484506 6321823 9869414 7137209 4941 2071129 2812093 160456 5796897 618469 1724873 1707041 1282609 9637721 2322529 9990637 8533279 1313351 4136614 9469048 7277793 3393393 7816945 7454209 7358797 2876101 3158401 5244501 6812971 576937 8442143 1015201 7896705 1330198 61185 9560863 5049756 2560035 6245777 7600672 1038682 7117546 5469093 3578405 3205095 4017908 6116476 163406 2373007 4248371 970760 5619424 2557884 4444778 1069005 5642387 4864663 3465571 5245536 3540337 4225066 53121 6715560 8498423 3976045 8623751 8305890 
13
8484145 7499251 3859131 8526348 4223051 8604037 9118162 3728657 6439193 4122289 240384 2359108 3493989 
94
4995531 8213357 8891323 3026877 5255212 3506570 7715214 2312721 5632837 8256401 6812605 8920125 9373766 2128440 883341 3839166 8547738 7846474 7296525 9470369 5568721 5053857 3827859 9376631 8353660 6250237 3645753 6144465 8727013 93350 5108751 948195 2013941 4785421 6288271 8846977 9942721 1123201 4436896 5776321 5915203 7625809 9546285 2807151 3395230 6541473 5074637 9135646 3424449 588931 9566826 9639781 5776001 1489711 1683593 3679726 3976441 6407781 6089043 8087884 3742413 2490113 2649130 9574924 8171107 1990202 4821565 737723 7052801 3663343 3334141 9075223 773037 675612 965103 2712337 6939783 5655123 5248408 5325312 7034085 6508085 9101161 8564435 5510863 5920947 5438008 2128593 5330961 199144 8955290 2389301 2195894 1985647 
12
5924581 9211803 3033825 5145719 2144297 900853 663264 6063693 497155 9352645 1555689 129062 
9
5829485 5851361 7812356 1340812 2774677 8893864 3766567 6402021 668037 
76
9254670 945601 4526875 7398767 1943132 4618891 947844 28041 2711981 4324593 8394805 5056885 1113527 853665 7580087 9882112 8273453 6366007 6989081 7156022 3365856 251313 9291481 1731437 228553 7775922 7848691 4047601 7882011 4296604 7702639 9038857 7503761 1217473 9407587 4141345 70913 5748290 9936739 7790466 7973417 7106371 7731441 5076959 4118211 8379969 3151091 6726463 4320601 1186386 324869 8891969 7954625 8454675 9337006 8765116 9123961 1915702 80280 4679818 2540097 6692481 259931 7718217 2856375 8549450 8514352 2596376 2227621 8228981 2336533 7440641 1651221 5850793 1620543 412326 
41
9641205 4930561 5863818 880919 8252240 9163852 1210883 6181657 7813729 2467232 3488747 1280351 26833 6425241 9370953 8470651 9476465 3550623 9146466 7674501 5030473 1336616 705663 3351451 8821533 1326751 3633111 7224089 446321 1580351 5100059 995026 9573719 9647715 6456429 373436 8369451 4760905 7004776 72805 946209 
59
1952949 7561881 3677261 8945363 7155801 3428057 408366 8341361 458869 4179277 5386533 6020600 9877834 8560333 1130529 3140101 1641689 4196751 108921 1126111 9728441 2427 6672699 7452909 5314353 7160193 7610185 8120781 5746194 2371616 7623425 6613089 9705871 8686555 1845213 7692182 1130946 2111463 2685173 2340131 6762381 1020865 732693 339441 2838606 9596447 6518661 4859087 3218279 4600761 4695009 7108092 3663409 6618031 3912465 4314408 6769711 2445937 6886351 
69
4971961 6601686 1595139 1289501 8731376 1519001 6670365 1806325 3514719 6592381 7967361 4023881 5647901 5875660 8572607 9700061 7568809 5174441 7552693 8737297 593608 4254424 8955893 4536904 6368303 811081 380625 1744643 6969454 5097595 6640641 8027801 4592642 968257 4126906 2330239 827153 5231668 2893037 5513804 4254773 3622141 3989931 7393877 3407628 8528477 2726650 9523635 2349641 8956289 1566356 5370153 8008071 8877305 3646661 6578505 236106 7091444 7686630 4447539 5200425 6520990 5801327 2594953 8476251 2375801 4977401 6157405 8091166 
19
4781353 5854205 4592134 1360785 5821569 4240695 9863994 7266877 5810873 9677011 4581673 3231505 9722271 2164481 5932051 4738032 7016666 1331697 3545645 
65
1627323 7468001 4359599 6343936 1235751 7421461 2472744 9870823 913149 1414626 9816465 722357 2721572 8957369 1585459 4547865 9920165 1737528 4826473 2637301 4641621 5831497 591057 5677311 7365599 6302366 3811889 1956025 1891796 6405141 4362354 1944953 5857551 7850247 7367471 8479898 2087431 7468305 8206337 1172257 5343187 9488771 4778081 2365201 496841 9681231 4027137 8410042 537095 1799569 4867001 9702328 5787551 2168596 1369161 7319736 2359938 5451292 9574061 5355566 8449501 3172777 991948 3730985 3811681 
86
6435608 7750953 6799806 6028565 4377797 3789841 5153485 5690033 5765341 6938379 926923 6910233 851111 4428356 9139065 2678851 2281337 9277993 1659143 9077436 1358582 561825 4888571 6796439 6620757 2754615 3188205 574447 5207143 4517425 3790013 3178841 2794686 8955736 4758417 1216871 2591875 6003735 9551721 8986509 5760593 2976033 5165366 6696865 9273521 1716417 7303677 5308576 5045321 2776809 4407640 6572131 8194253 1930796 8023122 3702981 7546042 523561 9660161 7614848 9462316 6023793 8847001 433186 9473954 8641761 276844 2359829 9743371 9154441 4497395 969281 2820385 907141 646421 7839358 3754741 3320777 6714027 7510281 6203961 8914017 8559672 8800857 6707553 7935001 
40
8287591 544989 4088761 7272475 4127728 8257626 7761941 2827581 172390 9258371 4361945 6365614 216533 521251 953456 3316988 7885287 6307033 9003137 144549 8081998 606229 2042663 8623638 9113229 3060341 5240461 3709645 9879045 4411281 6456451 2722639 8011436 6994376 9310895 4295875 5706421 4218401 8573671 7156461 
82
7812909 3467339 4985462 1621269 5255824 3923511 1632401 404248 7992362 2020846 1097601 8924161 815963 5397201 3859721 5852586 1408775 6247358 2656121 9561112 2702800 3403103 5973857 2766985 1416346 6966569 6044325 8763463 322635 9094290 4724433 174021 2356321 8044231 6252781 9994110 7588569 3671723 6999815 667059 8919881 8922091 6921613 6995779 4705353 5777153 5704001 8417325 3866175 5919083 3300697 1648911 6989321 3414251 1164601 7840452 3674505 3997395 3430257 8438051 719433 4905107 5234108 9224063 5958991 5550773 2377686 2453759 1784673 8398066 937785 5129027 4902401 5818800 648506 4889705 3064527 5224946 5854237 8842341 4346140 7568180 
98
4572790 2603441 5510884 4183681 3571819 4593417 2503285 9360770 8482023 8822652 6444901 7798065 655395 5421423 2608827 2559439 217850 9406269 2006561 7236814 6524775 818795 5928203 9971681 1350002 6594684 6064207 3642577 8243641 6639951 9270846 1669953 5611366 7759161 91089 4027667 4678925 2831653 3958259 1367442 4994989 7826491 5765064 6977642 5958641 9283602 7861283 7448172 3010365 6708100 3670762 7677692 8251440 3937978 4692225 3751041 950263 3889825 9351723 5408501 8192716 3252601 6407455 6888579 3595156 3429025 2934761 9222345 1881325 3960021 1274221 9280153 5070941 5257093 1129969 8975501 9059541 2556201 5193617 471651 5494359 4102177 4864201 5075077 8358003 1635819 7334472 4370041 2434825 6354681 2894853 4441143 886137 8782401 5624329 434901 1443795 8903825 
58
8566281 822376 624873 888121 6284615 5636617 1064835 7408213 4391171 8326547 9030326 946716 2517107 2131545 4753846 1372067 1213185 4127818 9480484 8813901 6685101 4487865 4576773 8192565 3122945 1120401 4797352 9920961 3570335 3583341 6255413 4859009 1234417 6853825 9186261 5171193 9318517 9669713 4779263 9817383 2494691 1419377 8662141 8302677 1750704 3913807 21865 6331041 7435221 727737 1641923 7736687 529865 2535669 9316068 5608343 1127845 9673271 
66
929337 6983485 1083971 2491001 5644973 6205311 8257505 3502481 5352526 8961427 8161551 5935137 6529271 9296631 6921329 7442453 446955 8259961 8001492 7767843 8624017 6187190 5183723 2623715 8470627 3201263 9456631 6795585 5206051 5852481 3652185 5163673 8314217 2885677 9763601 5676583 7440633 1485005 9850819 1443521 8229179 1638158 2913276 7650482 9181231 8605011 8363087 8005181 8133879 3792721 5349076 584001 8773905 7867029 2463985 1710522 6802276 8719986 3342623 9815051 1009281 8670693 9071261 5972983 4233281 542587 
31
4401721 552637 3152361 2967942 1135281 2815136 6623757 5913181 6971631 3759481 150059 6074836 1499186 4376833 399213 1800790 1895717 3964924 3818722 2014225 3219481 4719473 7860983 2319635 772984 9315249 7074209 3557098 1134847 5838617 7996891 
79
9831071 3076609 840331 8364863 4621329 259911 6198685 1154520 4097519 6794199 134235 6380031 3998369 3127471 3516479 4528865 3331697 5696709 7401041 2500512 1390469 9712495 3460282 8850817 2676844 5531797 3343053 6127871 535881 8519179 3881109 734023 9358145 7692709 9978271 5630191 2215349 3722851 7525715 3252834 1949460 6726825 7058641 7381985 3102641 5452150 5984080 7090297 6285715 8884193 2296441 8478697 3367305 6995977 4944396 4933841 7550768 7072385 2893946 677829 1408481 5261709 5142701 1367725 8735043 9499825 410713 3854865 4779537 8676221 1112201 6518093 6076451 5126983 2474397 6788043 491632 7126041 3727376 
43
9919745 2186981 3078641 5635938 5472775 2652481 3519321 1461357 1758665 7569591 3350966 7474091 63121 6578029 708221 766351 7262541 912113 8389801 539592 6842983 32108 9446695 5993375 9747881 2713005 1161917 5829230 3482789 7861029 4872071 8897153 4889397 3438401 1621789 6813864 4591068 9870893 9478489 7340129 7867458 7809302 1492351 
49
8988895 3849588 9359633 4538396 6196996 2885185 3332017 8584209 1416305 5844449 9133901 6969999 2930401 9966501 3871071 5400351 86522 5269326 4491946 3550533 7981601 5440346 8746045 9374804 7947567 7293740 385339 1218301 8753215 374183 1136001 6302207 8041621 8053511 4624405 4175383 8532618 4193901 1347228 2659912 5356360 3556919 7187691 3355781 9083875 9104926 3516915 2960657 8017751 
95
18946 4272183 9923082 6962081 6385045 7295553 6795251 9996526 2611189 4280926 31178 3662713 218615 4360933 6628744 7650223 3584713 1237745 2731033 9872155 5964626 9293041 204417 7801156 147425 7248369 9916271 8694401 8667753 3158679 8859873 3051941 5399398 7762945 6524801 6814624 4999177 7298965 8049389 7951074 243497 3493261 5419001 7728331 1520641 4912041 258788 8609518 4056776 7992889 3122065 9505816 4428197 7858569 5842865 4703269 2290001 7742133 64245 5024001 821591 9034471 5229021 7869049 7692017 2073863 4977353 6370127 9251048 3817937 6072951 3990055 4851427 5649101 3265904 3021697 2934309 9613283 4048151 1797091 1003554 5825393 9376889 7134209 4186121 1821501 5308269 2218849 9133665 7760335 9454315 1890395 547105 5616115 6681035 
72
6456823 784969 6905551 7363677 1392519 2558081 351881 6995746 1385222 2636273 1995221 3552159 2986707 9182532 1510181 185055 3612576 4578035 4983749 113041 7976030 9985341 4519393 230046 735343 3483761 4771298 5540593 8419199 8716334 5202541 871655 9377005 2597991 519081 2228781 437077 284049 4399241 6924001 6796688 2483123 1757089 5077788 7819636 5775393 8732768 4287319 7827131 3340581 5552961 155006 7308241 4606833 6571001 7217041 987273 3666701 1780153 1156332 5689591 3903646 7218241 610271 7237871 5389425 5083449 9289095 2661531 1851921 2668911 2974247 
79
6276205 7438773 5834258 8659769 4112400 8920476 3563249 164730 6592593 9071329 1830573 3281235 6895921 9504169 3885091 2580641 3651832 6347393 5798319 3278556 655141 8245999 5115545 6535873 1780529 1032551 9184953 3106226 9210231 2102853 4979851 9797683 7112554 5538671 1181679 3989146 8143323 349475 8448686 5572813 9187253 2391349 8546608 6722848 6235521 1064773 4463361 3074521 1744145 4269063 548249 6193999 7708326 9267031 1801689 6616273 4301632 8350957 911062 6385206 7838457 5980380 6529498 1845311 2616057 8191636 7173377 7396067 5761393 9850264 6608868 8756801 8100001 6306231 6632939 1702223 7533406 9813992 6901545 
17
5835461 8393117 2918979 2822369 3093696 6947005 3582766 251681 2345556 7102741 9960321 4979787 5340257 9447824 2849593 5113187 5321829 
22
9643857 6308397 1173001 5571412 5167014 2975761 8416885 9266748 343466 8010042 2137969 9352917 7733258 7676093 9597759 8739985 4934665 5759801 6171484 979961 9274477 9517771 
58
7514751 8494021 4944481 3220073 7179597 3779777 5009687 794198 3768385 2706626 2888739 530885 1605778 9460876 8763461 341716 8906546 997688 6990953 8750636 5240961 9339001 2636881 7943073 5406055 9417717 8973826 2888083 9130368 9803241 9308488 808902 9980433 8309326 2820395 3761545 5455151 1446635 7399601 8770793 8029745 5653261 8950081 7091853 1427211 9972878 1013683 198860 2810365 7993151 9989479 8613433 1989051 8707977 8501217 7689835 3011665 4690005 
87
5079957 4149426 3036751 2819645 8716385 3674443 1593136 2612761 5722045 6366497 1397155 2065456 8451593 430293 7730021 5092597 9361356 3239471 5708907 9905685 5700918 459125 9402740 6968449 2483458 1177605 5821665 8924561 1158791 324865 6289554 8748753 2136923 7436437 923003 6437805 156265 9496818 1029081 6064027 6410485 7433907 367795 5834030 1718844 8843761 8436763 7439401 6049771 4799376 5566961 2705609 6654687 1515393 2174904 2709272 131349 6602321 7409321 3097317 4313361 6987076 2800929 8763959 5530183 4876221 7326213 1905681 4196769 4876081 7786895 9633002 9982775 4631353 7391127 7527467 7111513 6043544 5348869 391822 5266412 6210126 6556007 6153321 967584 2052481 6740336 
