100
84
9557545 3647071 7956921 5861766 3656413 9534790 9805441 6470939 8829187 6580301 6599826 4794747 6602813 103379 4420114 8917223 9491324 6624772 5753593 5450497 6177687 8084102 7816975 2987863 2934325 3988984 2157537 7179073 2764891 2685176 9281518 4555525 4574355 3840743 1591994 259621 9521705 4158169 6787450 8720441 358289 600029 6415563 8423485 9826717 4509113 5998529 2351809 7021677 4880101 2403085 3118813 5278149 5223325 5232001 3042304 379413 2421385 5046432 6408205 6543521 6259411 449951 2392917 6270014 2597873 3148951 2565691 2753144 6616109 2071181 9931301 3182521 9942555 2630575 8239521 1868973 231066 503240 5634193 2961101 5469626 3151629 2597033 
60
3004646 9702441 9026689 4320041 4796121 6308569 8939657 9217799 533379 771835 3607785 7428911 175137 4802641 9865281 4827470 4909722 3700737 1583006 5189383 881081 6999424 30373 2510681 1976520 6226285 2059033 3112626 2856810 7249441 2410726 9046081 1665357 7500649 683794 3495712 9742865 6244569 7335684 628017 4881245 9387740 2174531 3928401 8307837 8676001 5188631 480770 3313043 7775873 6890313 3443233 4246911 5001400 4242445 4403249 3554305 7410969 5614209 4214951 
74
5455441 586657 5725901 7318301 4480087 8630432 9568751 8425257 6135413 5531191 3231145 5974501 367196 9743493 366803 1533826 3224053 8381630 3434275 7071273 3118903 2851288 4634018 4325777 7676846 2720481 3451803 7347125 9889401 3243093 4168011 762421 351831 9290133 8914219 169801 5772909 4191874 5086945 4787785 7281795 7509773 2031207 9856787 4249935 3387226 198624 3677106 2089781 2155518 5798217 7236033 2188185 7982333 8791345 7682761 2548497 7428312 2374607 1717472 8597541 1881401 2916913 3724001 5450961 281953 8484445 1925775 6397057 3989311 4013193 1775173 1631126 3892710 
89
3177636 6007065 2746461 7643626 1347166 9633229 2172341 2377221 1889707 7214051 1345750 4713751 3156247 6915661 7810369 6720801 6328086 6157130 5669270 7112209 3322440 9049791 5811521 2462183 1008689 9229953 2755971 2484631 7988201 8457624 2597403 2812021 2734507 7411638 1319687 5328313 7660633 1081389 4803358 9171901 9184057 4992161 5576681 5502303 2907541 794230 2317457 9799491 7948313 3819875 1150498 1334706 4245698 4807665 3449696 9022411 9913356 2756511 3957720 4969681 539905 1855011 383442 9704082 1644066 7368290 517441 9442257 4854765 1690569 7217621 29789 6196721 5061113 8975853 2372861 7730911 6747161 8841666 7707967 1008715 1067165 5757177 3396961 454767 9429546 7041601 7956585 1816257 
78
4679448 3754227 5776596 4684491 1031549 378129 5523665 5301541 3169449 7396371 605735 4957585 6146713 9999169 7510161 7731036 12849 473681 2036950 9374656 8807233 2144121 8195291 1774939 8119553 9405324 689836 2155817 844133 1726305 2554436 6924475 9914869 8298789 5390737 2831553 3452761 7791325 3977541 909775 2411807 1931680 1225781 8298585 2729771 9759951 8009181 3636344 1212561 1913901 8876251 6988371 8763591 706351 1446033 1935725 2048361 5363051 7710145 2821352 8749833 3285061 2847551 4484234 4620851 4537813 5215690 2623511 7772117 732001 5501737 9499501 6518657 1570445 5785646 4701481 9202742 979457 
53
3927051 2353745 1441381 3184366 2681346 2826148 911113 331445 3786265 5560532 9895855 7047333 1076981 4028501 7438806 5418471 3820175 6142896 270031 4470535 2477721 4616791 9829393 9558619 161253 4614830 922433 171009 1215456 7417386 717879 8799957 1672392 6338689 3410960 8228713 5940873 7087816 9398465 926818 5351068 6533930 690397 8944699 9033817 850929 3110684 7765857 5405141 4009279 9493295 4411233 659317 
36
3743881 3589213 5207733 1501320 725993 6594733 6880286 8223329 3451838 5393294 4976945 4965407 6068398 810590 5224836 6050551 2154790 1008823 8015913 9836289 9070583 4530553 8182289 2662656 7804276 4945954 5729065 8370108 4146909 7454205 9685897 26357 6391701 8820225 7708796 3824471 
25
4152206 932365 5449601 7771646 578155 1700321 1411162 2312501 2359311 6100324 5924171 6514578 9848353 4457665 2494795 8287393 7684593 2769334 2021374 9410945 169501 8304075 7849346 5157217 9890673 
33
1513233 5421151 3280977 5868203 3021783 2821660 5438269 3029697 78869 2472345 9513336 2894352 4964465 3399291 8427473 520822 8007881 6316001 943354 7365828 3612513 8835277 4653873 3361066 9359687 1112521 577601 3437950 4842478 3986399 4023729 1998833 1018591 
65
6407301 3115611 5182941 60637 8939426 3694057 5887105 7590864 2395126 109330 2517871 1672135 478755 8909798 5496687 284063 2912811 7595681 5813351 1778961 5284045 2794829 1946401 2976980 3710489 2049676 6283691 9043485 8102313 1974933 2851267 6052674 3541161 469097 6076550 9836675 6703465 7922404 3649075 668295 1534313 1926055 2585815 3415313 2038023 6225670 5832177 5813841 4083244 476857 2696015 2207491 4614983 6523977 5128939 1228376 96807 3373717 2354017 7585756 5492753 7932801 7290137 2303241 4731601 
27
6987012 3613879 1426342 2323591 4923729 3531891 7054076 9236145 4871408 3753985 5428071 3382253 8604378 2224337 9689952 9120029 6916373 4340577 3643764 9076069 3544526 7350427 3406235 5035153 7366617 2630509 8987784 
16
2538809 8272481 8041200 4394773 2471337 6885701 8585321 5517357 1354201 6487882 4669543 6508929 909217 2280953 4399381 9209301 
87
3381017 8623421 2450577 7018894 5602591 4226438 3044385 8208697 4409009 5812915 2824196 78278 1862065 2717165 2431369 4485812 6469465 9463751 2117121 7508251 9870626 6214785 2472388 356661 9516107 8123161 5581249 7947337 9153407 4637761 1150342 1359745 2649785 2846370 837171 5759789 7917299 5202601 6986757 7261505 7226229 526675 5971838 4947966 7154457 4853343 8611858 9766161 7091041 2900361 3752341 8853237 3748161 1648057 3927058 4393382 3995738 7449465 7317857 8451392 2166623 2082633 8866270 6155049 9548001 7253649 8429199 7767419 5878898 3171999 2742345 7053043 3409633 8059800 2156723 7917136 7212413 2558633 541425 7178457 4027581 6008745 6642021 9429840 6278401 7311443 1075437 
33
3397617 6983601 657845 2297167 8350221 537799 9247721 8270845 5241501 4258617 9166553 9124749 2324348 5470241 2128917 273346 6161236 5029990 1263881 3938381 3448750 6980301 3656561 5465463 3377884 3656751 7642961 2137807 7234139 9343665 5649329 5118302 2618536 
17
3207120 8912924 7131233 2807189 5071805 9630772 3374216 7493436 9866311 7405610 2591297 8994570 4362959 5643233 2829465 1221266 6649537 
57
1159031 3930825 4917665 5586478 7940206 140361 730663 3688273 3583409 5964945 665691 4891211 5796005 9921209 2417527 2528791 1748521 4727911 2672738 7762756 550996 1449243 4760101 3086697 3837691 2020391 9266283 2280189 4719943 7983633 7116161 2049061 8494472 8826151 2498669 3105193 1863873 7628398 8020735 5161578 407409 8992289 3821445 2836093 9229033 2857921 8183565 7213150 6678629 3007494 4814236 1647097 8595942 7379969 1090970 9818332 368727 
59
6657957 6856265 9185791 6967664 8732460 5015865 1962769 4917601 2897227 7673577 9502189 6981288 8793625 275057 9204161 4952808 8223941 7020593 7582701 6133261 1264012 2232131 1559710 7990385 2447208 7448128 3317231 2860005 6388081 6479857 6056025 6482961 9491131 512574 2459009 8656817 7007198 3128846 4260303 1605817 5663156 6311073 2307057 9793437 8772149 646850 5930043 4373675 7336731 7478317 8702001 5122057 7781501 39153 2925755 2159581 7181342 3111841 3667903 
96
874688 7085783 226322 4743485 8892073 6862841 9983153 691176 2868583 7486579 767827 6088778 1939932 1468547 7589191 3328113 8859807 4815412 3556009 6925441 4852896 5359249 4139889 8395573 6029849 1822685 7239385 6290225 739470 2310563 3139211 3526397 9235277 5855393 14537 1090027 8708041 1042635 3827565 8126858 6437271 2109597 4148936 9705067 2857238 961801 6112001 9409774 6393261 1267565 3871093 5235144 3455769 3327760 2750661 3299976 8695205 5313889 2713519 493127 5704209 8730337 6140056 3095287 1931167 741519 3997150 954417 5356546 1417193 8601785 7005831 3558201 8309471 5092905 7211955 2633035 495305 2995621 9435001 4748142 8284475 692825 3210123 507181 3927971 7070678 7822377 8000385 3188436 2720916 2941840 5426196 390905 8347816 8029667 
88
7731465 5086369 8773586 1417283 9298497 1193673 9135189 1094007 5842962 435961 8895465 788825 7330609 1347901 3039926 5179871 3462506 5602433 4236139 4043896 250769 6454733 3884066 363156 795091 7239935 2836517 6595637 2495451 4398209 2458321 7959315 9962603 5442911 7575165 1483377 9702499 6631201 3408616 8551471 5269474 1508721 3193133 8326769 1896251 4050201 8730001 155644 795693 7174055 6644241 5225185 6799161 990066 9835416 2252265 6582479 7572327 9211713 8298409 8710349 3671641 5007906 5417845 1055001 4737349 7255324 2211127 5331011 8603154 5329952 5911677 6079681 8333409 9858281 1694831 9102496 9681326 7124037 8296460 7163172 5222656 6029921 5517757 5036661 1533922 1476929 8551303 
86
7614850 3181628 3274867 3827247 4058477 4414445 9105283 1885841 4127231 564583 3259005 1856465 2415139 3207948 8956705 7455139 2187527 7990537 6048961 646064 2023890 1938663 4103509 3185250 7829713 6209897 1048169 555806 2884920 450957 4278659 2766045 4665985 1880465 8295215 1229583 4095401 1399941 2235482 9039809 5063477 9421989 234361 7002578 2156031 6608943 9859767 3352336 8371119 6896817 4055421 8950021 1732227 9207597 8806693 5911489 4425191 9870583 6230081 4723455 3453923 4467661 6372659 6959629 4030361 9361511 9807587 2596730 3305601 629889 6839982 6482681 3421841 4883969 4516351 447531 6616191 9460102 8376627 6130129 7801175 220657 3686743 7934941 308132 8631156 
73
7592529 5000063 2757471 3493153 8883981 9684700 4924645 6477491 12401 374713 6910569 4446077 7979966 9956801 6825249 3985089 6892223 6093540 9460426 8964797 9077031 5145909 7617387 2298897 2168729 8747157 3035701 737313 8114277 3030461 1734328 5717683 6779821 9786314 2799313 1900109 8913911 9989633 7685211 4677372 6761251 7826251 7354316 3386801 2265281 7826597 8773049 630877 3774533 9773621 3499993 8892601 4514193 6739921 5311907 1293358 2333505 148971 2418473 4748422 125659 5986095 8549066 1441511 6470660 2702895 6098249 1446835 1774705 9508497 9948925 6913943 9018817 
25
1102337 9258246 2689921 5965371 5831485 4581765 2339121 5649465 9944201 9477507 4398725 8879120 4506925 2046913 8739042 6883869 5175331 8620301 7892189 221916 2275065 6475201 3041349 8472941 6229493 
55
3967155 487073 4759486 3360991 5770152 3220013 6114083 7769137 7254089 6540290 2901469 5528349 5696391 9902206 2101609 8645681 101242 921409 7607696 9962645 8101911 5419903 3588291 271410 3187483 5276903 1409025 8546589 2958441 1123353 1473124 1800067 2205441 8624079 4429189 8099297 1713753 1351677 7073981 6193226 9114937 5896413 4966049 7330471 8625589 1325073 472315 1725545 9947345 3152079 486081 7645865 2598369 85219 9607869 
88
4590085 1334609 422251 3365301 3395082 5408026 2577781 6747733 2117943 7314462 5098811 1976501 6237342 7451851 5081675 4697645 6806273 4676084 3491172 5201371 7585609 5107701 7203236 1992551 5041541 5627009 1131987 939777 655006 7609650 6990263 3870321 5013835 2597101 3666781 4856953 7436293 8666033 3904029 1903817 1561833 8671145 3155617 5177713 2989036 7232331 810899 1482075 7994946 421453 2589012 4446856 9793159 3749797 6501619 2300753 6089286 3570453 9340205 3437143 6274069 9245127 6367706 126059 5017727 4493185 6489991 7964718 8181761 5870016 2134759 8441391 2387125 1231352 9821191 8082209 61445 6595205 6231076 6098712 6903647 7674830 5982816 9601667 7501147 6257193 1270483 574356 
44
6803257 8726981 2581829 5670181 2908731 9055869 1151211 3262557 199651 234119 1964001 2214425 2757901 9135404 7575473 2194051 3367649 7186230 1686845 75883 838556 3587613 2597026 4967835 8008961 6110001 5369841 8233753 6687365 3071795 5484163 5559933 9901441 7677286 837727 7032481 212974 2672521 5378211 6313471 7289373 8381897 9870471 4267426 
35
8830081 2432019 5594353 5923515 2370429 7630835 6159701 8931426 8199493 5795101 3262614 4891783 4936385 4403171 5830055 3623190 4464223 9255562 6763206 7668590 7759753 6784602 9656686 9551764 308901 9237381 1015211 3289456 375508 5176321 6506835 570097 6364076 9520761 8703449 
1
7642891 
56
6424903 8212081 6970649 9667225 8539599 7877837 4635297 502961 5337725 5945960 9226465 8541381 1228401 8591825 6886239 6871885 7699341 4967741 9837286 8923041 5303420 5348024 8375342 9534545 3422309 1737441 7156769 8642311 1838935 3405117 8520381 6533593 7051981 4738433 7219651 3448491 986425 5530126 8723915 5507533 7579493 5519505 1463134 1396935 5980889 8392809 4144433 170302 5021540 320372 682551 6908201 9154911 4196673 607359 2542989 
48
5571876 7994773 4665127 5985319 1620501 8700463 9305533 1179561 6867246 8698835 4692659 7871937 9101077 8337159 1935702 5754564 2628225 6754959 7784001 5083825 6394028 5293863 8499536 5527073 5489351 6067121 5072019 5953285 263509 8630648 3073873 6417145 3110261 8402384 3991285 1146711 7491273 1197104 9970061 7445791 3481788 6145491 9450201 5930888 4620796 4696713 6151433 2393425 
8
1550436 6943183 5630161 4707993 2435681 6608509 811405 9881607 
31
9168721 6714667 9740251 5161023 6894849 9531697 9639275 5509937 6319907 326217 6700608 2008577 321649 9637613 6681292 9224439 6584661 6821077 3220531 2613277 6971961 2452011 5716780 2263161 9619839 7291913 2615571 4187794 5996557 2516989 4454131 
54
3586431 4249951 9152401 8026053 4627828 8867196 1866941 866431 424593 7544976 5327545 658021 4962954 4768523 4449503 4957471 8819354 5420541 2543311 376527 4436393 2588241 3224685 8479699 7666010 682137 433425 7506326 4952095 4967245 6402176 9943809 845801 5698121 41325 9857549 314774 2265085 1760093 2615862 1095649 8034458 5236559 7455705 4720620 4567055 8307675 5885869 907678 8906957 2631097 8436775 187595 9624091 
30
4963166 3070609 3971402 9915692 2017605 2822757 7307162 8729294 8770273 895569 553173 6551503 5515127 7894867 334321 4349431 6434143 7932041 138161 5337517 9128065 1601336 5446841 1770041 1089099 8033064 1401544 1321679 1331729 1769717 
49
7340755 9185829 5154433 2459705 7772095 7888263 3159369 8101181 6916309 2476081 9140679 446374 2311897 8614101 2137515 1234536 6156661 1302621 483984 912278 3758836 7970497 5860501 6665251 1905753 649120 8130541 6610719 2812233 6569993 8610982 3979901 1959505 1553553 2294371 4334818 1046141 5642495 8575957 5434245 8540053 1845745 5191801 52125 7903791 442353 7361999 6051920 638541 
55
3168041 9709297 2989156 319516 4901205 2270892 1684901 6337167 1610301 6424165 4741672 8174634 546625 9766302 3888492 6932657 2641271 5626161 1029523 7525961 8273539 8290065 7737987 580491 7173595 9818733 2920739 5698073 8208172 8817751 6005549 1454169 2247705 8505662 5824425 4068121 806337 3537009 8338475 8067016 2852173 5717053 1440921 6260091 3774041 2467831 7185313 3111285 5793757 5772129 8101457 4853475 5806719 2055890 338399 
53
9598917 3244196 5977897 5766657 563841 8396601 9349671 2103439 7701205 4930856 8406438 4290784 2473707 958915 7576520 1720251 7491691 3748627 7578691 1009071 5928151 391373 6740177 8383918 1254373 5462349 5623249 30657 3985774 4430779 1809047 2662383 2666520 7658501 2308961 225105 848754 6726813 8657161 6146857 6149753 3465861 967273 1152521 4573783 1119736 2296241 9431561 2830295 7125469 9633873 9090715 9108939 
16
9378151 9370269 7828017 7733865 236081 2034217 237055 826653 8648476 2129301 9626086 6628481 54031 6180721 3348193 303162 
39
8518268 1075345 8109281 7164425 7498651 6706063 8048761 4452959 585113 3477433 4548629 6465021 6379581 9945976 7757265 4524830 2368103 1250865 7521741 9628202 3552729 187851 5217933 7709825 4246142 5458666 1184951 2343905 841409 9915131 8614969 5052139 1234126 3004381 1392401 9076635 1056381 6316451 5956433 
75
1779385 866555 1626876 565907 5540489 2949341 925101 9199081 59410 547767 6005994 8381451 5441101 6026946 1119631 9969049 1943995 9858433 5306527 6242501 4814875 1723265 1529196 398879 735891 4413809 4649710 8747751 8667619 4758445 783666 9949520 7885873 3890505 393491 2448667 6720579 4253193 5196664 8670385 8327209 5011457 2516338 1564837 8307703 9960141 5609105 5698435 3410873 6759576 7885200 5160950 6221731 4806183 5886751 1794881 4481 5958681 4179375 8673854 5553901 1116381 456265 4551007 4416619 44201 9331723 6026961 9794366 3237459 8200583 4982664 7749661 5819786 1078784 
54
8680951 749481 2615389 7545974 8504566 3513352 1051653 1515841 3902079 3743719 6219460 9823144 9733873 5164545 375509 5125129 469029 712189 8612655 3747136 2811431 401665 5211433 3443969 3104881 1068797 7006768 8981247 6507181 1469121 9369037 4350829 6087863 5002310 5380409 3565965 6054137 8215355 7086608 9167992 548696 3988916 6638171 9671915 3805049 2690373 4654565 6237881 3622433 8008921 9221939 6538401 9703361 2715536 
91
1348208 1092501 878552 9069101 650441 6402225 6674088 9786609 957667 146827 631977 4517863 2003485 5092699 4771273 2884337 6998783 9544815 3616969 3915361 6292491 2026648 1170101 4861147 6908185 6383325 287081 9121653 2604401 4848037 402155 2732928 6315633 2059811 3242799 2241761 1033985 6220161 4890121 1272620 4089241 4570069 9207065 4012997 6303082 4107811 2950600 3021061 4286681 1385909 8550361 9328221 2954337 7075681 775651 9831717 8575880 8696045 3129443 9875201 3226883 6544957 527358 7973521 8947965 2459303 757325 1060239 2898358 6421965 9312555 3141755 6652271 2737520 1014801 482543 3514191 3002653 2659299 218151 2197301 5481817 7862259 6138613 1375816 4703223 730601 2075345 8488785 9130381 1105136 
66
3431955 3183961 4401789 1932853 2657151 9972698 1778125 93655 9604003 7011147 828481 3355437 4800817 8642851 3111719 4532511 7188298 6969726 2561109 4719553 9277441 3348129 8103163 2665851 5342981 2496207 2483265 5219389 6880438 5205887 8896996 7107423 5815935 2061547 8989663 6743061 351239 2152782 1441614 8026357 9926972 9655681 4100761 2310817 438231 8404226 7385601 1576091 8864593 5700545 2832148 6989611 2703317 948403 2855215 2215929 3717901 3583745 812801 2255130 7623405 8075251 5106366 3649323 5748401 7184231 
76
4555961 6165697 9308293 6564661 2426931 2131833 3597034 7917847 7287751 3338656 1624821 1021550 4976536 4322275 1019315 6975432 247543 1296161 216545 5107681 9053146 1310097 1915221 2946048 5213219 6416585 1755649 6098751 103297 1489397 3107716 999438 6389365 7907977 3027233 9111553 5848657 1923721 4640317 2671511 3191045 6170604 7291339 2535165 6875427 3808953 4789709 1018653 3599832 3833327 4214401 1575900 4208224 2073411 4719273 4172691 5259721 8854301 2438601 2073925 4665331 1784606 8047822 5118233 640226 1543717 237259 2010361 9177117 6736641 3271909 8451901 2850006 2704769 6447673 950672 
78
5257261 4510049 7869348 7971829 3772876 7165673 5551113 3434953 2489293 3100876 7734201 7321901 347891 3172570 3448030 6834745 8495737 3162099 9355221 9888049 725023 9315563 4106386 5867005 9615939 8237737 2752233 8648273 5137915 2836922 2196182 3776234 9815169 5270115 2434241 3270521 2028785 78839 1024360 3939491 7827391 6047556 8722361 5919441 9849670 5105731 333501 2594241 5652557 1794751 247325 6152549 676339 825887 7924752 8707819 375281 5804097 2473539 7860533 1967306 3499621 8384881 915739 5277301 8135616 9717541 8161542 7048994 8032065 3003346 1945494 6901401 208721 5490010 4936965 7131481 5619649 
13
3636756 4916958 2668888 6652841 21939 740489 115217 2200601 4163128 2760076 4936629 6775533 6251213 
42
2357441 9286970 3301671 6435369 2736513 282873 4800147 586989 9411509 8709998 9435797 4915416 4633485 1423931 2989195 5629617 390721 977857 2136856 9083695 8523853 6860342 8006347 3426032 1089474 3841309 5712721 1296541 3785852 5851339 1682045 7782521 6113481 3564476 9972481 1770465 8149311 2416629 9260781 1953139 3305857 8827186 
16
3972789 8294703 4246014 3856456 8968035 8620316 4870551 1592721 5335041 6020514 1614821 1261427 6420333 7192584 7465651 3491084 
80
8310374 4045351 9156993 5168857 9497343 5705293 3053499 5320513 4711071 3325982 1502931 1415051 2714153 4649197 8026963 2555521 8458517 4180063 931287 2697657 7540551 7290210 3052649 6021621 6536401 5179041 8567333 6965445 3807746 8086033 6956787 6102690 8103159 209025 6706305 7851213 9550903 1603280 8261077 2897805 2656906 7963265 9918001 3358061 8296821 771061 1024483 1817617 34259 6454305 1289441 5207783 2590576 9960165 8639276 8901377 1752259 9231223 4632041 9869381 3471461 3059611 2206393 4669393 5356097 9333116 5711708 2818520 4566613 901105 2595241 7119213 279291 3412955 2108626 2980481 7478113 2379179 8111696 1346962 
41
9277169 6356073 1764701 915958 4382241 7229116 983663 6754794 1969888 7005075 8342001 1464181 727333 2282257 6363814 7299117 2990259 3310357 1407066 877547 793409 2628185 8190516 2618545 964331 6291721 2993381 2945566 4754340 6876305 8872452 7928575 1724125 4359805 1348996 736606 3483121 886201 3271715 3851506 3491159 
30
4161238 9773508 7128241 9520981 4771239 9712125 2404929 3360021 3591202 5604961 2276223 4282501 7722096 8156553 4714577 2500458 6654817 5662479 2976037 1308949 6814471 5856225 5536754 5998395 4714623 364588 2698729 2528622 1933061 3767813 
41
6153937 8993553 4083766 6046265 6915833 2017392 4430281 5756947 2521563 6211565 1894417 4253021 2640181 1104201 9641017 3213287 4783497 7623193 7916883 6850321 1132669 2380033 5057683 1546861 5606407 7492960 3652211 6427421 795131 9950451 3100651 8751056 8612529 1258051 8782396 7485107 670517 3028401 1082553 869946 1524021 
34
8229369 1523376 1362817 1208302 8925495 3884348 71249 6392662 596687 6772015 9854714 8411727 7991425 2211169 2322671 8591021 8381336 8112893 2732861 1534765 5282544 5440089 1603489 9496881 1857601 6945507 7597844 1047139 2080339 6959433 2547003 79513 5622623 1804839 
39
2062603 1674672 9015307 2773485 4147391 1659335 1895587 1077274 1051683 1796157 9904133 4468817 2077703 5294609 8679881 474460 3190987 9893151 4611589 4336309 7900609 8469311 6666831 2551553 7327181 2987047 7160676 9955281 1884016 1757893 6718189 1198425 172205 4956846 4455215 4780333 3502654 4866235 8419831 
50
7251791 9570368 5604763 1180801 8050341 7365091 1823041 3982903 8497901 2307914 6122815 5519479 4998131 2209521 1638521 2593621 9957690 8826199 1993309 1099282 3566619 8089847 2362753 1648027 6245208 3022977 1589681 4908877 6128101 4043807 3648889 4380321 63051 9820321 5778140 3256847 8962781 9781321 4811488 5483425 7976821 4068651 3023151 245651 462017 5927811 8778801 5593171 9352757 2781101 
89
9030977 1467673 2848501 8748073 3498663 2688599 5521676 7741081 1325544 5035468 5628821 713281 7317468 1868351 7900385 9108225 7929427 7186587 2437826 4843026 810949 9880593 7482041 7388191 3749472 9558125 3493817 4456449 2231361 139829 1352717 2853189 387646 5541653 2870382 7379097 4484376 5667937 3853366 1276111 4535701 5459772 8498232 6085731 4432861 5206401 9299925 3680351 8324261 5979245 8536097 3893969 8921577 1493109 1187061 5469633 2146874 518290 9507708 8621347 1510101 5975457 182565 9105851 9229352 7930177 8484641 1802085 2473089 6840589 380793 185965 7856357 4089411 8735298 5266678 3890919 2464021 2992471 143107 1039201 9496033 6172305 694026 9607751 3963965 4395577 5873793 4585457 
69
19201 4104681 6619729 9270745 9049189 1118689 6321251 3036765 6682675 8125669 3886881 3851663 3436582 1532879 6076838 2179631 4006469 2723801 9209386 1048341 9110857 5083201 9440635 3985577 8851131 9981236 9964995 6939113 1515073 7201785 4029971 5762572 4859121 39613 2408915 9907201 3100861 8815449 2576713 535657 5634628 2212565 2989015 6365544 527420 279351 9478477 5318401 5306785 2483989 6763054 6419306 1911021 5815743 5975422 5691513 622099 9760158 9611555 9310145 632511 348601 348386 3430859 9867901 9953841 751887 8157909 9440601 
55
3719522 5096705 1395735 8837394 298491 55937 8185544 2023223 2707457 4863651 3196451 4007201 6693083 9632614 9516851 123179 873034 8217254 240856 414694 4110631 894866 5332201 3039589 4087043 6831360 1599665 4188795 8501921 9032290 5341879 2206641 1253931 5787767 8727630 3693412 8898381 9753167 1853 2851487 2209677 2344751 3480301 9588521 1914401 6806827 7110274 5742144 3109249 5571972 5503998 6768935 457254 3001774 4046481 
79
4003521 3280968 3053865 6790155 87271 6148758 4363766 7608155 182121 3350239 2171927 9004576 334519 4566461 3956641 6719905 7376341 9498285 995165 343612 9950952 5603977 1612905 4114315 7108126 4909001 1640309 2913969 6324761 1770202 5376405 4443398 4385029 814113 7961345 4521240 2313630 717450 1958135 2771719 9653817 1923929 568833 4082431 8796885 6992229 64936 5481321 3550683 7286251 5700629 4882501 4421501 7416265 6558054 8363675 7093151 7655811 1307605 6508779 6992914 4073891 5623976 9123381 7117009 7372361 3721281 216193 6071919 4519923 2260476 2614787 4950401 8614561 1522551 8247941 877441 5105673 2791623 
49
5554709 1678379 1616889 3365434 8143980 6746725 6534209 3826081 6655273 7973191 5076621 2080597 9166471 3565001 2939593 1767895 8755779 7925696 9547651 9305561 5863166 5237497 3289521 3170305 8541141 6118599 9097531 8122901 7068086 5378930 4312357 3751926 5841329 8410915 5318905 9235443 2467701 1828943 3142601 2392907 8930097 2335933 7900363 6542911 3939183 5157162 2293681 4865245 2746921 
25
4652838 6650541 9142860 1488982 9933010 3549981 8955533 4580817 3783481 5012951 9381020 9206101 7992411 8721177 9236237 4400341 6818909 8023164 6396189 9047673 8908193 9064072 9829228 2880191 9009839 
80
790497 2980456 1663330 8638609 3226708 6446751 3756779 5520235 5036325 2731481 4816233 2665193 6325341 8203505 2333649 373209 6962796 9980273 8148537 1901877 4284866 1555837 8294589 3796165 5312857 5652924 1729725 4831532 4415659 1623037 4732861 6665371 3695921 6905350 4136201 9721589 5824181 4159817 8665305 3709267 5530121 4359329 8286209 8117421 408900 938915 5080410 652013 1077347 1502223 8463153 3778641 5549484 4566301 8905617 9451883 3688627 7624455 129661 6447061 6408781 4508187 3516193 3178197 8561507 8072761 6876095 3532097 6474291 22679 4113427 6007953 703859 5303231 5325146 9503425 8067139 4679723 8927423 4666907 
86
619995 6131987 2089977 75331 2576001 9747533 9098169 8467101 5346907 5089465 3100047 6573161 1012249 384114 1533321 1240851 7691105 7834971 3141881 7088497 7148999 998129 7283521 6690277 9483941 1145770 2299566 5581069 7793277 4656263 7082425 9343776 3346200 8920513 8610243 8852242 582623 3297726 3788655 258601 2259578 1367209 3741333 2237466 2734282 1349783 5624064 711502 4427738 1463659 2216521 2541283 9854820 3642673 7257751 720913 1463259 3779721 1425821 5494769 3845091 5667107 6396409 8894481 2460018 3636349 2628110 221296 8107246 1413690 620381 8015371 7783467 5052853 2756826 8004799 9696975 4511131 7335281 4627493 9477873 5022602 1906599 4629521 9065911 7542729 
78
3711889 762496 246931 1030501 3711851 6346241 8437090 1593221 5926758 4344621 1873076 8058381 2977138 5391955 5305521 1300309 4330635 3125789 1605235 5822591 936463 4526081 4328091 9644521 9234575 2177738 8320289 501311 4420489 9300729 305737 2420186 5839169 2968915 9458641 9636023 3655957 6386062 5518561 427299 8887783 4064167 8974551 8661307 2298355 820449 9003251 905442 1099230 2547437 8271632 5132853 8823521 5970808 4005896 3877041 901181 9290567 5553263 9716921 6260127 1839051 3795577 6540698 2325297 7038164 5295111 2204649 7539177 859309 5023888 4906164 9799601 4681783 4872840 7849344 4849093 1073971 
54
5247448 855281 577285 268135 1925200 3159777 1874351 7382621 2997385 4113821 6721651 4687057 6041731 4022941 9615859 3843605 8045644 7922988 4055582 3495205 9015065 9308009 2567542 9997063 8350161 6213451 5665015 5652101 4819596 2000765 7488536 9205266 4066891 9985690 3758525 7633739 3705566 7493111 8969697 4947756 983856 2154038 1978453 2802665 6790638 3059691 452533 9214781 883585 774221 9809901 7313698 8333784 7540052 
88
916185 7613777 8761082 9201377 7607881 3841869 9157461 176277 3007223 5247901 1056326 803532 214345 4634182 3761824 5819889 2107392 833588 5944034 7313931 2922878 40016 5768241 7304729 1114466 2798241 1158393 2369435 3782177 3081632 3337659 7297173 700321 5362356 9362147 2196559 2942693 2124329 139633 4619035 2784093 1070509 2983111 3548121 370462 2113764 5898761 8908286 7758301 1163377 1251197 8969416 420127 727859 5949367 5945776 8926649 8461569 589027 7592953 5304324 5479170 7308682 5529697 205792 410538 5366129 2526696 8501806 6999061 4199710 8013704 1224088 5322409 6760686 1250753 8444207 3842073 1775156 1088470 3658764 6201389 2791347 7951921 9108211 2505585 2541764 1430941 
95
1643127 8743873 4634576 1112153 5462395 3735169 4833532 3615875 3119983 1659101 1981893 2674645 6379842 2627551 6719417 9851128 7105811 7165793 1891387 5625873 6023480 3039161 3453739 5963771 5751793 5258260 1548569 8486829 3911896 7614370 5184134 5010596 9909505 4278785 3130001 5420628 6431613 4210832 4275192 1897721 5611399 8176497 79277 3687526 4264185 2688101 832581 4567216 7595469 3865848 1911631 2404809 7262161 378573 1783054 9724714 2631160 7297653 7442412 5278553 6535775 351883 6402001 4054936 9692047 5091401 1261363 7241296 5664317 1320833 4062593 95401 2057500 1405824 8392119 9746749 1393924 3870266 6935489 6716991 6030089 8259541 7585500 9258084 9895773 4194221 6638080 3141296 6756681 3377715 3318123 9964064 3446893 124003 6289381 
95
6928571 1096105 4946189 8786145 8136111 9497279 9261372 6098036 9098624 7629349 5855536 4824469 7214956 2212801 4266161 4751461 3656457 8134091 8349937 2073403 484641 9419395 7668708 650913 6303136 9799595 4305965 466136 2655644 8829926 9581321 9285069 9346481 8646563 8664333 8462369 6404946 6298262 4666285 550659 4311191 6918725 708337 8076666 3712441 5467009 8903919 7013062 2772199 5697577 5159229 7757609 9277641 1371459 3341001 7093713 4028557 5083800 8261825 5073341 2172161 9559459 1291951 2594041 9064354 6171751 3024884 178946 6685116 7234481 7874719 1356228 9113247 5555369 9060226 7920591 6281678 7073761 4482974 8331477 1545697 4732951 4608268 6818753 7234316 7041783 1781965 5106067 6167481 3914625 3726253 8475220 1030929 7598614 8419591 
25
2542561 4925669 395119 1307521 3045603 3611125 6564431 5484411 3358020 1515876 5272429 4553711 8144215 1117649 5914841 8625382 1553531 1735025 9315452 6338772 7836377 8251071 6012068 2878081 9080404 
47
8063665 9905002 631881 4462745 3230918 1229467 1586757 9698209 4464369 3308744 8519697 1759217 5479245 7028371 5997851 6299899 4165841 957465 7298031 3596431 3413421 9390564 1285730 9744140 1297272 8126665 7606706 2129461 2079927 4955484 6184551 2823525 9852241 355997 117431 1624416 553227 1629035 2743313 7559339 5002675 4231081 5683799 1323701 9240751 9108020 8550779 
88
8519073 3117273 7715173 8552669 2573626 6409126 9324409 171968 8330285 4585827 61033 5893166 6320613 2275293 3637516 3576961 7365886 5362069 7678171 45698 3825641 405141 8784001 1830337 4180005 2862198 7283889 5759053 5484220 9495906 6790405 1130221 464101 8670135 264199 467385 6682371 9784855 3537233 7168708 9870589 2508937 5437573 4539613 9247975 1013118 1033501 8979405 6203725 2669296 7949121 4061329 7123311 5208777 8003193 2855001 5515713 7664731 9970183 3194083 3740883 7373866 6510939 4600635 2933171 6670106 9064771 8894395 8049744 4249053 1946531 8372683 2265481 3330697 7039265 7969261 3115475 4717309 2100651 3088127 4634881 4866277 7780456 3901913 6917801 3335831 6262191 7727838 
49
419257 3004045 6193073 6768551 9175111 4624849 6303094 7925993 7556521 7346484 4959039 9852154 4000717 9742618 2819801 1626569 9825809 8769309 11873 6500664 9034265 368903 4608411 1979165 3288503 6781033 4404529 1312545 2532012 7246583 5021963 65069 3490601 8771513 3151633 5286626 8700497 280935 8773567 6744157 3550721 1912241 1487938 8862391 1044416 77404 2739373 8853367 5995031 
16
5061281 1954882 4822568 7098341 1735365 2202994 3733105 39021 2946838 3295785 2205034 6255423 7016171 3574225 3794817 8827218 
38
1566548 5248187 1627651 4454098 2542457 1373425 316846 346546 1942265 1702900 8566693 632001 6123777 7265565 4364210 8840741 3918377 2234931 8894133 6729121 8570821 4925762 6019865 8392738 9124521 8576619 6883419 3147081 4827785 617065 6356797 9243001 6552181 1479001 7022785 5516019 5120713 2191024 
21
724 7949315 986563 1837095 610091 2090601 8120415 2923022 5988871 569351 9298690 4026261 5369355 7960228 3604203 9124640 9773921 4863865 8112129 8579601 8329267 
59
3503025 2758119 3103297 4668605 8580887 5136241 1822771 3220083 4013191 7563921 6745164 8093289 3373101 8671865 4236481 9213637 831725 9284680 4530465 7597105 50169 7780062 3538065 8582881 4665917 6995391 3953835 6685585 2495335 2516913 2851073 8414302 4549461 843464 3153597 2961861 6915343 4882161 6527921 4014145 8254761 2909851 5513245 8703785 1732246 9544920 2844993 7315633 253234 6955741 9588701 866269 5717594 5127851 1548374 4444452 9832271 5357365 3531501 
74
3253911 7149933 5670321 9416189 9331111 677477 2612979 9649085 4732988 4613150 774277 401033 4540538 401659 4907892 1220553 169369 4806807 1852971 3963240 5285020 2881632 7604802 308797 3667833 1780762 8767601 2723815 7808576 5981341 8788417 2157951 6126896 2176725 2863921 9403871 7699666 788340 2930679 3351096 4055041 4023541 1405384 4988583 9181251 4698630 2566571 916509 3101791 73201 65687 429297 7913005 3637191 2391597 7770493 8156045 8240734 5055091 3391905 9924921 8190257 4214391 8889639 940369 7757913 9466476 4917019 7704726 3972417 5822727 9903605 9126310 9383563 
31
5972277 7238081 5263537 156017 8343526 6263296 1940161 4471051 3007281 6344072 7601153 4265073 5156801 4263036 7747301 5534693 8632906 7480741 686217 5693923 2968746 310767 3748375 9098905 8727443 8802797 2478457 5312322 2428039 1927641 1511626 
37
5736393 8720589 9891501 5820923 421010 1831825 7195427 9153292 9214177 7524777 1476051 7744509 5285871 7722437 9081964 9879285 1905722 6513981 1443229 4635496 4509789 7436193 831301 8352877 3034745 3833711 1701970 327246 4417821 79589 3441251 2358833 8100691 2970567 3597918 4113993 9241105 
67
6899274 368411 5868621 2942191 9413348 1422827 8772001 4949729 8305697 7929905 214849 4853496 2159474 5611621 4449601 770905 3416673 4497064 2020076 2474948 8777001 465932 999211 9069350 6694169 2718872 3439441 6925391 3300001 3225267 9657169 1608569 709551 6204226 4984145 5358151 4879851 1455551 9727776 9367213 492469 8084353 1753671 811691 4919991 3606247 7896981 2824111 6774786 9444765 4694534 7634940 1136951 2118873 5526951 709161 7622441 1335574 8678326 8195001 991737 7364432 9915971 6478943 550305 9901923 8351726 
69
7419336 5038455 4216591 3307481 1482040 5287569 3980841 5679217 3936057 9560718 591223 8930465 6692817 662336 9103361 5634873 8099493 2287082 4732005 2468241 7725651 2217301 1079276 3869152 7310470 777151 3715441 5814022 2402701 346613 3488987 1048721 639749 8861893 3213319 192725 21187 2757551 7060707 2173297 1891346 96061 5202513 3023025 3836001 5783469 6405321 6088351 2336149 8122329 7716733 2301545 7661441 7748707 6371243 3239447 3917285 3656205 9574587 1243776 60501 1720739 8956049 4347206 2641369 443428 5702207 2347553 7169525 
11
3999180 6128993 7602785 2786574 5465770 6421847 584441 1243701 8114973 9465212 4571477 
83
6685123 2380425 4243537 3830461 8247563 6904881 2464501 2780171 6097950 5905651 9514291 9928104 1513611 2513581 675793 2836576 9928817 7787699 6775360 9710056 8777021 284881 4703261 7516871 2704616 5415511 76039 2639285 2634004 819045 6130145 4177492 1907640 4182110 3455822 1260740 8178416 1666161 4057016 5274990 6615921 8681431 9575726 8613837 1758575 7221581 9238461 2019829 5279951 4788843 380286 9321451 7596491 8890205 8952375 6752191 9345935 3292001 1677097 2264461 5094041 2975581 2588599 1730306 6371172 1767871 9029481 3888491 1062240 2959157 6523573 6235476 9904280 7265327 1345826 2752809 7516235 9072321 5597951 3044161 4576962 8140901 5451073 
26
9964605 8854182 6545581 2686321 8547647 6074761 3911091 4474173 7616426 5263048 7459213 2560355 458889 243619 3130563 5888947 6699265 624621 2628741 2701761 6350457 4942525 3533501 1858421 9958282 7011061 
8
5821426 5152194 9646965 6255863 5922580 9452740 5861132 8321299 
42
4739711 8617035 635777 3913497 5240504 457866 3343129 9591277 3453358 2874174 3003431 3210055 3090966 5843349 2654566 1771510 5705731 968731 7879101 2651455 8843713 5457427 4930482 3929687 2841656 842966 8442455 5962616 5825448 6440856 5289001 8944511 7707687 5948232 5879960 8674095 9687289 7349741 3768083 6721131 227267 1820225 
2
3261560 5775113 
10
4694001 5537053 1180062 6604991 836829 633433 2343181 3234321 2725889 5657553 
15
3210441 2714443 3910331 9499381 4422285 3344526 8744394 8221965 5540097 2293261 1513759 7298576 1521639 1589086 3759049 
68
6551641 4536481 9972481 923566 9794497 147116 673945 194233 181832 9466317 8217245 5488991 7866688 569461 3248905 4983430 4056339 5780101 7627221 2843245 8981455 5663139 8577307 4428940 2202936 9354801 4197006 7073401 7870886 4446137 3997304 2515873 7208591 8843651 1784217 429372 9943237 8245727 4856697 5588913 6748043 3546713 1204481 786865 3279598 4850346 3471121 2305151 6484531 558366 5153500 5188633 833747 9814000 5501117 9120837 4113796 8006193 3817881 4400813 3768629 561925 9406681 4428090 7892111 2003153 1952513 1335371 
87
9269901 3674759 6730721 2370097 8261457 518545 6980486 8628101 876314 8169162 7680327 214290 5344003 2710045 1097786 5892751 5424619 9439345 7078853 4989461 1473887 6359348 7817359 1985964 3912524 6864942 6925457 512169 5608176 1547564 5237337 9956501 9469141 1015228 5755397 388890 1036549 3920603 2604881 9167298 3061701 8232341 8651093 604888 7818646 9990469 4479397 8136181 3860343 4016975 4247361 9208987 162339 1751025 8079169 9949958 637825 4122109 2897249 6766581 5307182 2954890 3784355 682435 6410951 446809 309015 7858417 1932117 6234849 8726319 8074667 5312626 4020609 3510755 1751745 789141 5804341 1434633 8485501 327034 8578381 3539833 5525197 4552391 4940369 7492465 
64
9436641 1257069 1462657 8894615 5030355 49366 2985643 8797583 8288197 2642967 1045976 7990301 8845583 6680960 9978841 135650 8510947 1254280 9530034 6133712 1324364 8122805 8927833 5771261 6846465 9799901 294992 1415275 4092443 279041 694861 7707167 6098337 7290955 4831805 4037853 2369758 5804629 4245079 5615163 1907865 2060910 4420011 5769401 5419870 462216 3595577 9592906 8892024 1621776 1269639 3428706 6822001 3193889 5717425 5982441 7631735 3247633 2287990 4638201 3638763 1753073 925729 2002145 
37
5379786 8577498 2522691 2507379 389753 1889568 2247301 2238001 7031586 8408900 4285763 1137556 7009158 9657348 2859429 264065 1018067 2895739 617065 2182553 562722 1308641 1484045 3367315 1625101 4914053 2877183 7448641 4953508 2027797 1316739 9444001 3332493 2175897 3215068 1415668 8113641 
3
9060195 8398905 7729009 
50
9438180 8020651 5717482 4566395 1498881 2631343 7178264 2245803 2209891 9835826 8380307 6542256 1986907 5775764 1556375 335710 1265953 2944559 3115057 1665761 8645789 4052055 4533046 9678261 1882713 2658791 4979177 6049345 7483952 9922582 80475 4348767 9468156 994501 8011711 4351351 9339951 5554701 4018739 1885779 4377627 6806061 1980232 1746038 1166841 1563623 6820771 4164449 922859 9139085 
69
2137721 5682170 7827697 9111913 1673284 94025 9977591 3717985 2036322 4608577 8613563 5836641 1573454 2654689 8235233 7170901 3463873 8783503 2041397 9572491 6021373 4215769 9401691 1628566 3622384 4182262 5541659 6465835 1020527 8205846 1268875 9377569 52033 6689861 8415822 5237849 5525181 6341279 417195 4308244 9474186 3829239 5354890 4372829 4954535 5625794 2382081 5470989 4322477 6769273 7254825 8839996 937271 789751 614676 6549295 1686913 9874100 620253 1182911 840155 823181 1703643 212521 9341890 4017041 9462611 8194626 6387060 
16
9072825 7344138 6966650 5843441 5527226 267493 5309185 8399793 3846841 474737 5587771 3839384 777349 9262385 1202008 4250611 
67
9665401 5233469 87299 8743521 3322281 6003119 9453141 1665681 1824411 6311461 475250 4367463 1134976 5778413 2990443 528883 2982546 6556451 9129961 9302761 6145351 3717429 8543771 3648331 1749534 8819629 7844475 524575 3126497 6648636 6192481 3677233 1152642 3466275 7933613 542768 3839473 6108100 3134529 4047594 2127025 7359475 8784131 8182451 4857185 288816 8289395 4807691 1950618 4938971 8925457 2660608 3556165 1654137 7327656 6288494 3635886 4674409 8902665 4322089 903179 1725301 1884177 6139971 7934603 6237906 3818885 
31
8901174 3241223 5233871 4761577 318115 5702913 7971329 6384281 9290201 7184329 8073909 2370843 3138865 4265221 3315233 8216505 1142216 9233440 320804 1437304 5707787 1790365 9473790 9635289 7466113 5883342 4767041 4273809 716101 1689641 7648114 
53
8529664 9894743 3779161 6054822 5115914 6457061 4737277 2955769 3950695 996418 3861781 7907216 572614 49221 6764153 7264324 9146201 7738801 2131715 8183851 4517036 3629783 6930064 406931 1245716 2447676 235121 1318011 3382621 8648931 722475 5055462 3119197 1024911 2687949 3912421 8716753 8250883 2161881 3453668 8115929 9595761 9391779 6403585 4553008 6791524 2721863 7196488 4844591 1427821 8652950 9055489 2533447 
99
1517360 5439087 202296 2925666 5023841 2382881 4865189 2783873 3428673 6772556 9051089 5518279 4849967 8473721 1105216 210761 7946548 1778285 8806511 4699601 7413865 6954188 3036681 7514647 5445293 8004421 1888941 8094185 3972333 6960265 6417803 3544765 146578 988655 249695 2140746 1786003 7524350 6954961 1398384 3347941 2892131 3780186 5456179 7530197 6283287 9024113 2359342 1906903 766936 1492687 8381946 8350461 6347425 9373264 6466673 3432633 5611377 2991297 3210876 6490997 1165137 9302486 6919001 4850894 8604076 318077 5455301 8585025 4992835 4966609 2162551 6905112 5325697 7474589 3112977 8417335 8193233 373617 5501699 1826081 4741001 4821401 7501060 1025272 475697 7333233 5609274 77533 7409959 8883822 8203147 7752701 8834251 9662681 345793 6527461 8788721 618885 
