100
32007
28082
27411
8632
23199
7639
15639
19595
7876
3536
6455
4174
13908
23759
12394
28263
8240
17669
28588
3381
24907
3943
13486
27124
32512
29874
15052
25057
29609
4012
21567
22174
20845
17581
17300
29143
1881
16991
18780
19494
31922
32706
14886
31540
30346
23411
12458
19234
31634
16429
12359
10023
10799
29328
19376
30074
13520
27681
9186
27250
30846
26515
21337
5867
25013
581
6531
13805
4978
5899
23157
32136
1165
13873
18141
30466
1865
24253
16439
8757
28458
23797
19780
26674
18694
29217
12984
8490
22879
10642
1075
12687
21744
32483
16755
630
1926
14719
21448
22848
