219
4299
17669
19622
10249
24957
10999
8955
23498
13373
12787
13458
18079
23334
13368
16639
32484
21499
13841
691
16207
28776
32004
14695
22469
21386
10061
13246
8306
26802
22411
7205
8984
14182
18616
3326
28327
14505
24158
12287
18703
4477
1288
27860
13138
22181
30455
27404
29661
15791
14615
27442
6936
24370
25650
15162
13884
28245
3682
18976
9317
2448
26828
7883
16872
2231
25995
13879
24038
27700
31211
3283
11809
20883
20696
22312
13583
4421
406
11708
20013
27037
7858
12342
21654
23327
12600
25538
6100
6650
29734
20663
4854
14547
25633
9080
6626
28868
30567
21656
28909
10917
4613
7233
681
11658
2634
13526
10238
5772
20859
12503
13949
32205
5320
26629
18672
27830
27263
16327
30262
2435
24448
21197
27214
7170
30961
15347
5553
20375
32306
2152
26341
22148
7955
5391
16975
21095
19013
23333
11337
9732
18447
28709
22900
5189
27970
15592
6479
20607
31343
12305
20233
25591
31575
28584
27796
3237
15011
19973
9211
31032
7638
1520
17141
1626
32127
518
27834
24884
19891
13151
9749
13109
10938
15213
26555
15119
7689
27943
10971
30467
12144
26983
9206
17503
5781
23185
8177
6213
8353
4982
14185
13741
7737
5496
19526
1197
28080
16878
1427
28409
30075
15050
15757
26022
8933
13945
5625
29747
16644
19210
9915
1225
15339
29843
31397
14786
9249
23248
