5053091
5208429
5073870
4440712
5604145
4378667
4703843
4562008
4834631
4891930
4563809
4719721
4534011
8152649
4838394
4957363
5581888
5012090
4574138
5833437
4246113
4981211
4691086
4982045
4908219
4252863
5256586
4196398
4590768
4643018
4926604
4063910
4851320
4890007
6041147
3861980
5429005
5348008
4744830
4640927
5438289
5282429
3718549
4815465
5163664
4928630
4827341
5122252
5343870
4783237
5290381
5247261
4838346
5045806
4910901
5862009
3809584
4907595
4916133
5416103
5278751
4225362
5507514
5076834
6306942
5721088
5006515
